Edge(5,698,4)
Edge(33,75,554)
Edge(33,144,264)
Edge(33,185,23)
Edge(33,240,17)
Edge(33,297,322)
Edge(33,343,55)
Edge(33,394,24)
Edge(33,403,188)
Edge(33,446,25)
Edge(33,469,65)
Edge(33,488,59)
Edge(33,535,41)
Edge(33,613,1)
Edge(33,698,98)
Edge(33,918,87)
Edge(75,144,290)
Edge(75,185,26)
Edge(75,240,18)
Edge(75,297,244)
Edge(75,343,54)
Edge(75,394,16)
Edge(75,403,199)
Edge(75,414,4)
Edge(75,446,12)
Edge(75,469,69)
Edge(75,488,33)
Edge(75,535,63)
Edge(75,698,195)
Edge(75,918,61)
Edge(107,297,3)
Edge(144,185,157)
Edge(144,240,179)
Edge(144,297,1187)
Edge(144,343,168)
Edge(144,394,195)
Edge(144,403,349)
Edge(144,405,3)
Edge(144,435,3)
Edge(144,446,119)
Edge(144,469,208)
Edge(144,488,240)
Edge(144,535,108)
Edge(144,538,2)
Edge(144,567,1)
Edge(144,613,3)
Edge(144,698,521)
Edge(144,712,1)
Edge(144,918,154)
Edge(185,240,18)
Edge(185,297,142)
Edge(185,343,18)
Edge(185,394,6)
Edge(185,403,30)
Edge(185,446,43)
Edge(185,469,33)
Edge(185,488,25)
Edge(185,535,11)
Edge(185,698,80)
Edge(185,918,15)
Edge(240,297,116)
Edge(240,343,21)
Edge(240,394,4)
Edge(240,403,34)
Edge(240,446,19)
Edge(240,469,23)
Edge(240,488,37)
Edge(240,613,2)
Edge(240,698,202)
Edge(240,918,8)
Edge(297,343,251)
Edge(297,394,226)
Edge(297,403,408)
Edge(297,414,1)
Edge(297,415,3)
Edge(297,435,6)
Edge(297,446,102)
Edge(297,469,283)
Edge(297,488,361)
Edge(297,535,123)
Edge(297,538,27)
Edge(297,613,8)
Edge(297,698,411)
Edge(297,918,162)
Edge(343,394,245)
Edge(343,403,248)
Edge(343,414,2)
Edge(343,415,3)
Edge(343,435,2)
Edge(343,446,22)
Edge(343,469,36)
Edge(343,488,65)
Edge(343,535,19)
Edge(343,698,106)
Edge(343,918,131)
Edge(394,403,168)
Edge(394,414,1)
Edge(394,415,1)
Edge(394,446,10)
Edge(394,469,15)
Edge(394,488,47)
Edge(394,535,4)
Edge(394,698,51)
Edge(394,918,70)
Edge(403,405,1)
Edge(403,414,1)
Edge(403,435,3)
Edge(403,446,22)
Edge(403,469,105)
Edge(403,488,169)
Edge(403,535,70)
Edge(403,538,2)
Edge(403,567,3)
Edge(403,698,172)
Edge(403,712,1)
Edge(403,918,283)
Edge(414,415,2)
Edge(415,698,1)
Edge(415,918,1)
Edge(435,488,2)
Edge(435,613,1)
Edge(435,918,2)
Edge(446,469,16)
Edge(446,488,24)
Edge(446,535,5)
Edge(446,698,101)
Edge(446,918,11)
Edge(469,488,43)
Edge(469,535,33)
Edge(469,698,77)
Edge(469,918,40)
Edge(488,535,14)
Edge(488,538,5)
Edge(488,698,109)
Edge(488,918,45)
Edge(535,538,5)
Edge(535,698,22)
Edge(535,918,37)
Edge(538,698,1)
Edge(613,698,2)
Edge(698,712,1)
Edge(698,918,39)
