Edge(510,2673,2)
Edge(510,2704,2)
Edge(510,5184,2)
Edge(510,5286,5)
Edge(510,6020,91)
Edge(510,10929,1)
Edge(510,13375,1)
Edge(510,14059,4)
Edge(510,14333,3)
Edge(510,15481,15)
Edge(510,16751,40)
Edge(510,16820,1)
Edge(510,17606,1)
Edge(510,17854,2)
Edge(510,18534,37)
Edge(510,19615,1)
Edge(510,20203,3)
Edge(510,21910,2)
Edge(510,23007,5)
Edge(510,23195,1)
Edge(510,23272,2)
Edge(510,23923,6)
Edge(510,25583,1)
Edge(510,26187,1)
Edge(510,29727,1)
Edge(510,30425,5)
Edge(510,32545,3)
Edge(510,33306,1)
Edge(510,34209,2)
Edge(510,35416,1)
Edge(510,36216,9)
Edge(510,36823,1)
Edge(510,36909,30)
Edge(510,38541,7)
Edge(510,39097,2)
Edge(510,44623,2)
Edge(510,44953,11)
Edge(510,45146,2)
Edge(510,47446,9)
Edge(510,48476,21)
Edge(510,49377,4)
Edge(510,53175,280)
Edge(510,57863,13)
Edge(510,58013,2)
Edge(510,62432,2)
Edge(510,62509,3)
Edge(510,64269,1)
Edge(510,69286,1)
Edge(510,69951,47)
Edge(510,70719,22)
Edge(510,72202,1)
Edge(510,72943,36)
Edge(510,73626,1)
Edge(510,76679,8)
Edge(510,78662,11)
Edge(510,79482,3)
Edge(510,79574,17)
Edge(510,80891,4)
Edge(510,81630,1)
Edge(510,81752,2)
Edge(510,86370,5)
Edge(510,94819,1)
Edge(510,96630,1)
Edge(510,102112,13)
Edge(510,109349,16)
Edge(510,133486,1)
Edge(510,145712,1)
Edge(510,192342,2)
Edge(510,199505,3)
Edge(510,220032,6)
Edge(866,6020,9)
Edge(866,7849,1)
Edge(866,12911,1)
Edge(866,13375,3)
Edge(866,15481,2)
Edge(866,16820,32)
Edge(866,18614,1)
Edge(866,35416,2)
Edge(866,36909,8)
Edge(866,38620,18)
Edge(866,39097,2)
Edge(866,39249,8)
Edge(866,53175,4)
Edge(866,61488,1)
Edge(866,72943,12)
Edge(866,73626,1)
Edge(866,78662,5)
Edge(866,79574,7)
Edge(866,80891,1)
Edge(866,81752,2)
Edge(866,96548,3)
Edge(866,96630,1)
Edge(866,102112,1)
Edge(866,104993,1)
Edge(866,122347,2)
Edge(866,123593,1)
Edge(2082,3577,3)
Edge(2082,6020,6)
Edge(2082,6598,3)
Edge(2082,15582,4)
Edge(2082,17854,1)
Edge(2082,23923,2)
Edge(2082,24875,2)
Edge(2082,26187,1)
Edge(2082,38664,2)
Edge(2082,39249,8)
Edge(2082,39717,2)
Edge(2082,45227,2)
Edge(2082,47446,2)
Edge(2082,57296,1)
Edge(2082,57863,1)
Edge(2082,64269,2)
Edge(2082,72943,2)
Edge(2082,79482,3)
Edge(2082,79574,2)
Edge(2082,80259,1)
Edge(2082,96630,4)
Edge(2082,102112,1)
Edge(2082,195434,1)
Edge(2508,2704,37)
Edge(2508,3041,34)
Edge(2508,5184,1)
Edge(2508,5286,1)
Edge(2508,6020,151)
Edge(2508,7849,3)
Edge(2508,8318,2)
Edge(2508,13375,2)
Edge(2508,14333,4)
Edge(2508,14811,24)
Edge(2508,15481,14)
Edge(2508,15680,43)
Edge(2508,16751,109)
Edge(2508,17854,7)
Edge(2508,18534,2)
Edge(2508,19615,10)
Edge(2508,20203,53)
Edge(2508,21771,17)
Edge(2508,21910,2)
Edge(2508,23007,9)
Edge(2508,23195,1)
Edge(2508,23272,125)
Edge(2508,23663,74)
Edge(2508,27171,1)
Edge(2508,28499,1)
Edge(2508,29727,18)
Edge(2508,30425,2)
Edge(2508,33306,9)
Edge(2508,33709,1)
Edge(2508,34209,4)
Edge(2508,36216,24)
Edge(2508,36823,9)
Edge(2508,36909,7)
Edge(2508,37692,5)
Edge(2508,38541,2)
Edge(2508,39217,23)
Edge(2508,39893,1)
Edge(2508,40590,1)
Edge(2508,43936,11)
Edge(2508,44623,5)
Edge(2508,45146,14)
Edge(2508,45227,1)
Edge(2508,47446,249)
Edge(2508,48476,1)
Edge(2508,53175,83)
Edge(2508,55014,5)
Edge(2508,57863,22)
Edge(2508,58013,15)
Edge(2508,62432,1)
Edge(2508,62509,2)
Edge(2508,64269,1)
Edge(2508,64687,112)
Edge(2508,69286,5)
Edge(2508,69693,34)
Edge(2508,69951,17)
Edge(2508,70719,33)
Edge(2508,72943,15)
Edge(2508,76679,7)
Edge(2508,78662,5)
Edge(2508,79482,3)
Edge(2508,79574,6)
Edge(2508,81630,243)
Edge(2508,86071,8)
Edge(2508,94819,2)
Edge(2508,96082,16)
Edge(2508,102488,2)
Edge(2508,105396,1)
Edge(2508,109349,8)
Edge(2508,109650,1)
Edge(2508,133873,23)
Edge(2508,135796,7)
Edge(2508,145712,2)
Edge(2508,195434,1)
Edge(2508,199505,3)
Edge(2508,204880,1)
Edge(2508,220032,1)
Edge(2673,5184,2)
Edge(2673,5286,1)
Edge(2673,6020,1)
Edge(2673,9154,11)
Edge(2673,10929,2)
Edge(2673,19615,1)
Edge(2673,21771,1)
Edge(2673,33709,2)
Edge(2673,36216,1)
Edge(2673,36909,2)
Edge(2673,38541,1)
Edge(2673,38620,12)
Edge(2673,47446,16)
Edge(2673,48476,2)
Edge(2673,53175,8)
Edge(2673,57863,4)
Edge(2673,58013,1)
Edge(2673,72943,3)
Edge(2673,80891,3)
Edge(2673,104993,5)
Edge(2673,179053,4)
Edge(2673,199505,1)
Edge(2683,72943,1)
Edge(2704,3041,5)
Edge(2704,6020,85)
Edge(2704,8318,9)
Edge(2704,9154,1)
Edge(2704,13375,2)
Edge(2704,14811,9)
Edge(2704,15481,5)
Edge(2704,15680,1)
Edge(2704,16751,35)
Edge(2704,16820,1)
Edge(2704,17854,2)
Edge(2704,18534,8)
Edge(2704,19615,28)
Edge(2704,20203,2)
Edge(2704,21910,1)
Edge(2704,23007,10)
Edge(2704,23272,22)
Edge(2704,23663,5)
Edge(2704,23923,1)
Edge(2704,28499,1)
Edge(2704,29727,1)
Edge(2704,30425,3)
Edge(2704,33306,4)
Edge(2704,34209,2)
Edge(2704,36216,4)
Edge(2704,36823,7)
Edge(2704,36909,8)
Edge(2704,37692,3)
Edge(2704,38620,2)
Edge(2704,39097,3)
Edge(2704,39217,4)
Edge(2704,39249,1)
Edge(2704,43936,3)
Edge(2704,44623,3)
Edge(2704,44953,7)
Edge(2704,45146,1)
Edge(2704,47446,463)
Edge(2704,48476,2)
Edge(2704,53175,146)
Edge(2704,55486,4)
Edge(2704,57863,17)
Edge(2704,58013,6)
Edge(2704,64687,1)
Edge(2704,69693,4)
Edge(2704,69951,48)
Edge(2704,70719,6)
Edge(2704,72943,12)
Edge(2704,76679,4)
Edge(2704,78662,15)
Edge(2704,79482,1)
Edge(2704,79574,7)
Edge(2704,80259,1)
Edge(2704,80891,1)
Edge(2704,81630,1)
Edge(2704,86071,2)
Edge(2704,86370,4)
Edge(2704,96082,3)
Edge(2704,96548,6)
Edge(2704,102112,1)
Edge(2704,105396,58)
Edge(2704,109349,4)
Edge(2704,133486,3)
Edge(2704,133873,7)
Edge(2704,192342,4)
Edge(2704,199505,2)
Edge(3041,6020,5)
Edge(3041,7849,1)
Edge(3041,15680,7)
Edge(3041,16751,2)
Edge(3041,20203,1)
Edge(3041,23007,1)
Edge(3041,23272,110)
Edge(3041,23663,1)
Edge(3041,23923,1)
Edge(3041,30425,3)
Edge(3041,36216,2)
Edge(3041,36909,2)
Edge(3041,38620,1)
Edge(3041,39217,58)
Edge(3041,39893,7)
Edge(3041,45146,1)
Edge(3041,47446,12)
Edge(3041,53175,2)
Edge(3041,57863,1)
Edge(3041,64687,47)
Edge(3041,69693,2)
Edge(3041,70719,1)
Edge(3041,81630,1)
Edge(3041,96082,40)
Edge(3041,133873,2)
Edge(3577,5286,1)
Edge(3577,15582,27)
Edge(3577,21968,29)
Edge(3577,24252,1)
Edge(3577,26187,19)
Edge(3577,26252,1)
Edge(3577,32243,2)
Edge(3577,36127,1)
Edge(3577,38664,7)
Edge(3577,42193,2)
Edge(3577,42360,1)
Edge(3577,44623,1)
Edge(3577,50554,1)
Edge(3577,53175,1)
Edge(3577,57296,1)
Edge(3577,61488,1)
Edge(3577,64269,2)
Edge(3577,64587,2)
Edge(3577,79574,16)
Edge(3577,80259,2)
Edge(3577,81752,1)
Edge(3577,89630,2)
Edge(3577,96630,17)
Edge(3577,117400,3)
Edge(3577,118815,3)
Edge(3577,122347,1)
Edge(3577,123593,1)
Edge(3577,124949,1)
Edge(3577,139628,1)
Edge(3577,179053,4)
Edge(5184,6020,6)
Edge(5184,10929,26)
Edge(5184,13375,2)
Edge(5184,13553,1)
Edge(5184,14333,12)
Edge(5184,14811,1)
Edge(5184,15481,2)
Edge(5184,16154,1)
Edge(5184,16751,41)
Edge(5184,17854,1)
Edge(5184,18534,2)
Edge(5184,19615,2)
Edge(5184,21771,2)
Edge(5184,21910,2)
Edge(5184,23007,2)
Edge(5184,23195,1)
Edge(5184,23923,1)
Edge(5184,26252,3)
Edge(5184,28499,3)
Edge(5184,29727,19)
Edge(5184,32545,5)
Edge(5184,34209,1)
Edge(5184,36216,4)
Edge(5184,36823,4)
Edge(5184,36909,2)
Edge(5184,39097,2)
Edge(5184,39674,1)
Edge(5184,44623,1)
Edge(5184,44953,2)
Edge(5184,47446,5)
Edge(5184,49377,2)
Edge(5184,53175,43)
Edge(5184,55014,1)
Edge(5184,57863,1)
Edge(5184,58013,1)
Edge(5184,62432,1)
Edge(5184,62509,3)
Edge(5184,69286,6)
Edge(5184,69951,3)
Edge(5184,72943,5)
Edge(5184,76679,5)
Edge(5184,78662,1)
Edge(5184,79482,1)
Edge(5184,79574,5)
Edge(5184,80891,1)
Edge(5184,85256,2)
Edge(5184,86370,4)
Edge(5184,109349,1)
Edge(5184,109650,34)
Edge(5184,135796,2)
Edge(5184,156650,1)
Edge(5184,179053,1)
Edge(5184,192342,2)
Edge(5184,195434,2)
Edge(5184,220032,2)
Edge(5286,6020,24)
Edge(5286,12911,1)
Edge(5286,13553,4)
Edge(5286,14333,1)
Edge(5286,14811,1)
Edge(5286,15481,3)
Edge(5286,15582,3)
Edge(5286,16154,1)
Edge(5286,16751,3)
Edge(5286,17854,1)
Edge(5286,18534,1)
Edge(5286,19615,1)
Edge(5286,21910,2)
Edge(5286,21968,2)
Edge(5286,23007,3)
Edge(5286,23923,1)
Edge(5286,24252,14)
Edge(5286,26187,16)
Edge(5286,27171,16)
Edge(5286,28499,2)
Edge(5286,32243,9)
Edge(5286,33306,3)
Edge(5286,33709,1)
Edge(5286,36909,3)
Edge(5286,38620,2)
Edge(5286,39249,1)
Edge(5286,39717,7)
Edge(5286,42360,1)
Edge(5286,45227,1)
Edge(5286,47446,1)
Edge(5286,48476,1)
Edge(5286,50554,2)
Edge(5286,53175,20)
Edge(5286,57296,3)
Edge(5286,57863,3)
Edge(5286,58013,1)
Edge(5286,61488,10)
Edge(5286,64587,2)
Edge(5286,68584,1)
Edge(5286,69951,2)
Edge(5286,72943,9)
Edge(5286,73626,2)
Edge(5286,76679,1)
Edge(5286,79574,21)
Edge(5286,80259,7)
Edge(5286,81630,1)
Edge(5286,84081,2)
Edge(5286,89630,2)
Edge(5286,96630,35)
Edge(5286,102488,3)
Edge(5286,104993,1)
Edge(5286,109349,4)
Edge(5286,118815,1)
Edge(5286,122347,3)
Edge(5286,156650,4)
Edge(5286,179053,3)
Edge(5286,180693,1)
Edge(5286,220032,3)
Edge(6020,7849,42)
Edge(6020,8318,17)
Edge(6020,9154,19)
Edge(6020,10929,11)
Edge(6020,12911,94)
Edge(6020,13375,126)
Edge(6020,13553,3)
Edge(6020,14059,9)
Edge(6020,14333,23)
Edge(6020,14811,83)
Edge(6020,15481,69)
Edge(6020,15680,7)
Edge(6020,16154,11)
Edge(6020,16751,189)
Edge(6020,16820,116)
Edge(6020,17854,37)
Edge(6020,18534,295)
Edge(6020,18614,22)
Edge(6020,19615,38)
Edge(6020,20203,61)
Edge(6020,21771,4)
Edge(6020,21910,17)
Edge(6020,23007,48)
Edge(6020,23195,4)
Edge(6020,23272,22)
Edge(6020,23663,104)
Edge(6020,23923,64)
Edge(6020,24252,1)
Edge(6020,25583,9)
Edge(6020,26187,6)
Edge(6020,26252,57)
Edge(6020,27171,2)
Edge(6020,28499,3)
Edge(6020,29727,23)
Edge(6020,30425,102)
Edge(6020,32545,10)
Edge(6020,33306,3)
Edge(6020,33709,1)
Edge(6020,34209,27)
Edge(6020,35416,9)
Edge(6020,36216,243)
Edge(6020,36823,26)
Edge(6020,36909,543)
Edge(6020,37692,1)
Edge(6020,38541,43)
Edge(6020,38620,119)
Edge(6020,38664,1)
Edge(6020,39097,16)
Edge(6020,39217,51)
Edge(6020,39249,8)
Edge(6020,39674,11)
Edge(6020,40590,6)
Edge(6020,43936,11)
Edge(6020,44623,51)
Edge(6020,44953,87)
Edge(6020,45146,267)
Edge(6020,45227,65)
Edge(6020,47446,1407)
Edge(6020,48476,59)
Edge(6020,49377,9)
Edge(6020,50554,3)
Edge(6020,53175,1236)
Edge(6020,55486,15)
Edge(6020,57863,1076)
Edge(6020,58013,154)
Edge(6020,59621,6)
Edge(6020,62432,21)
Edge(6020,62509,3)
Edge(6020,64269,27)
Edge(6020,64587,1)
Edge(6020,64687,11)
Edge(6020,69286,11)
Edge(6020,69693,150)
Edge(6020,69951,329)
Edge(6020,70719,168)
Edge(6020,72202,26)
Edge(6020,72943,469)
Edge(6020,73626,4)
Edge(6020,76679,91)
Edge(6020,78662,51)
Edge(6020,79482,197)
Edge(6020,79574,57)
Edge(6020,80891,50)
Edge(6020,81630,86)
Edge(6020,81752,3)
Edge(6020,84081,2)
Edge(6020,85256,2)
Edge(6020,85792,8)
Edge(6020,86071,430)
Edge(6020,86370,19)
Edge(6020,94819,1)
Edge(6020,96082,5)
Edge(6020,96548,3)
Edge(6020,96630,7)
Edge(6020,102112,556)
Edge(6020,102488,4)
Edge(6020,104993,5)
Edge(6020,105396,142)
Edge(6020,109349,491)
Edge(6020,109650,6)
Edge(6020,122347,2)
Edge(6020,133023,3)
Edge(6020,133486,38)
Edge(6020,133873,47)
Edge(6020,134377,1)
Edge(6020,135796,1)
Edge(6020,139628,1)
Edge(6020,143282,9)
Edge(6020,145712,24)
Edge(6020,156650,24)
Edge(6020,167094,2)
Edge(6020,171866,7)
Edge(6020,179053,4)
Edge(6020,180693,23)
Edge(6020,192342,15)
Edge(6020,195434,8)
Edge(6020,199505,22)
Edge(6020,200648,1)
Edge(6020,204880,1)
Edge(6020,220032,30)
Edge(6598,9455,5)
Edge(6598,13553,1)
Edge(6598,14811,1)
Edge(6598,15582,13)
Edge(6598,16154,5)
Edge(6598,24252,1)
Edge(6598,24875,1)
Edge(6598,25106,9)
Edge(6598,25583,1)
Edge(6598,26187,2)
Edge(6598,28499,1)
Edge(6598,32243,8)
Edge(6598,33306,1)
Edge(6598,35416,2)
Edge(6598,36216,1)
Edge(6598,38664,15)
Edge(6598,39249,26)
Edge(6598,39717,62)
Edge(6598,42193,1)
Edge(6598,50554,1)
Edge(6598,53175,6)
Edge(6598,57296,13)
Edge(6598,61488,5)
Edge(6598,64269,14)
Edge(6598,64587,6)
Edge(6598,68584,20)
Edge(6598,72943,4)
Edge(6598,79574,5)
Edge(6598,80259,4)
Edge(6598,81752,1)
Edge(6598,84081,4)
Edge(6598,89630,42)
Edge(6598,96548,2)
Edge(6598,96630,26)
Edge(6598,115792,5)
Edge(6598,122347,4)
Edge(6598,124949,1)
Edge(6598,150428,6)
Edge(6598,156650,1)
Edge(6598,200648,4)
Edge(6971,38620,1)
Edge(6971,53175,1)
Edge(6971,72943,2)
Edge(7849,13375,23)
Edge(7849,14059,1)
Edge(7849,14333,1)
Edge(7849,14811,4)
Edge(7849,15481,1)
Edge(7849,16751,5)
Edge(7849,16820,12)
Edge(7849,18534,2)
Edge(7849,18614,1)
Edge(7849,23923,2)
Edge(7849,36127,1)
Edge(7849,36216,4)
Edge(7849,36823,2)
Edge(7849,36909,46)
Edge(7849,38541,11)
Edge(7849,38620,5)
Edge(7849,39097,3)
Edge(7849,39249,3)
Edge(7849,39674,8)
Edge(7849,44623,2)
Edge(7849,44953,2)
Edge(7849,47446,7)
Edge(7849,48476,2)
Edge(7849,53175,29)
Edge(7849,58013,2)
Edge(7849,64587,1)
Edge(7849,69951,3)
Edge(7849,72943,4)
Edge(7849,73626,11)
Edge(7849,79574,3)
Edge(7849,102488,1)
Edge(7849,105396,6)
Edge(7849,109349,1)
Edge(7849,122347,5)
Edge(7849,156650,4)
Edge(7849,199505,1)
Edge(8318,13375,1)
Edge(8318,16751,3)
Edge(8318,30425,1)
Edge(8318,36216,2)
Edge(8318,36823,1)
Edge(8318,36909,10)
Edge(8318,44953,1)
Edge(8318,47446,11)
Edge(8318,53175,4)
Edge(8318,58013,3)
Edge(8318,64687,2)
Edge(8318,69693,3)
Edge(8318,69951,1)
Edge(8318,72943,1)
Edge(8318,76679,2)
Edge(8318,79574,3)
Edge(8318,96082,1)
Edge(8318,105396,6)
Edge(8318,133486,1)
Edge(9154,13553,6)
Edge(9154,15582,1)
Edge(9154,16154,1)
Edge(9154,16751,2)
Edge(9154,21771,1)
Edge(9154,21910,1)
Edge(9154,21968,1)
Edge(9154,23007,3)
Edge(9154,23923,5)
Edge(9154,25106,12)
Edge(9154,33709,12)
Edge(9154,35416,6)
Edge(9154,36216,2)
Edge(9154,36823,1)
Edge(9154,36909,1)
Edge(9154,38620,2)
Edge(9154,39717,4)
Edge(9154,47446,3)
Edge(9154,48476,1)
Edge(9154,53175,18)
Edge(9154,57296,1)
Edge(9154,57863,4)
Edge(9154,58013,4)
Edge(9154,69951,6)
Edge(9154,72943,17)
Edge(9154,76679,3)
Edge(9154,79574,84)
Edge(9154,80259,1)
Edge(9154,81630,4)
Edge(9154,96548,8)
Edge(9154,96630,2)
Edge(9154,102112,5)
Edge(9154,102488,9)
Edge(9154,104993,1)
Edge(9154,105396,1)
Edge(9154,109349,2)
Edge(9154,139628,2)
Edge(9154,179053,13)
Edge(9154,200648,1)
Edge(9455,15582,6)
Edge(9455,24252,1)
Edge(9455,24875,1)
Edge(9455,26187,2)
Edge(9455,27171,1)
Edge(9455,36127,1)
Edge(9455,38664,4)
Edge(9455,39226,6)
Edge(9455,39249,4)
Edge(9455,39717,2)
Edge(9455,43936,1)
Edge(9455,44953,1)
Edge(9455,61488,14)
Edge(9455,79574,3)
Edge(9455,81752,2)
Edge(9455,89630,16)
Edge(9455,96630,6)
Edge(9455,118815,1)
Edge(9455,122347,14)
Edge(9455,179053,1)
Edge(10929,15481,1)
Edge(10929,16751,5)
Edge(10929,16820,4)
Edge(10929,29727,4)
Edge(10929,32545,1)
Edge(10929,35416,2)
Edge(10929,36216,1)
Edge(10929,36909,16)
Edge(10929,38620,28)
Edge(10929,38664,1)
Edge(10929,44623,1)
Edge(10929,47446,3)
Edge(10929,48476,1)
Edge(10929,53175,13)
Edge(10929,57863,1)
Edge(10929,69286,1)
Edge(10929,69951,5)
Edge(10929,72943,6)
Edge(10929,79482,1)
Edge(10929,80891,1)
Edge(10929,85792,3)
Edge(10929,109650,17)
Edge(12911,13375,2)
Edge(12911,14811,4)
Edge(12911,18534,5)
Edge(12911,23923,5)
Edge(12911,30425,1)
Edge(12911,36216,4)
Edge(12911,36909,5)
Edge(12911,38620,4)
Edge(12911,39249,1)
Edge(12911,47446,4)
Edge(12911,53175,5)
Edge(12911,57863,31)
Edge(12911,58013,1)
Edge(12911,62432,1)
Edge(12911,72943,16)
Edge(12911,79574,1)
Edge(12911,81630,1)
Edge(12911,86071,1)
Edge(12911,109349,1)
Edge(12911,180693,1)
Edge(13375,14059,14)
Edge(13375,14333,3)
Edge(13375,14811,7)
Edge(13375,15481,3)
Edge(13375,16751,6)
Edge(13375,16820,37)
Edge(13375,18534,1)
Edge(13375,18614,2)
Edge(13375,20203,1)
Edge(13375,21771,8)
Edge(13375,23007,1)
Edge(13375,24252,1)
Edge(13375,27171,1)
Edge(13375,28499,1)
Edge(13375,29727,2)
Edge(13375,32545,6)
Edge(13375,34209,2)
Edge(13375,35416,7)
Edge(13375,36216,1)
Edge(13375,36909,44)
Edge(13375,38541,118)
Edge(13375,39674,13)
Edge(13375,43936,1)
Edge(13375,44623,1)
Edge(13375,44953,6)
Edge(13375,45146,1)
Edge(13375,47446,33)
Edge(13375,48476,8)
Edge(13375,53175,54)
Edge(13375,57863,14)
Edge(13375,58013,7)
Edge(13375,62432,3)
Edge(13375,64269,5)
Edge(13375,69693,4)
Edge(13375,69951,13)
Edge(13375,70719,9)
Edge(13375,72943,14)
Edge(13375,73626,3)
Edge(13375,76679,19)
Edge(13375,79482,5)
Edge(13375,79574,21)
Edge(13375,80891,1)
Edge(13375,81630,1)
Edge(13375,102112,10)
Edge(13375,102488,2)
Edge(13375,104993,2)
Edge(13375,105396,21)
Edge(13375,109349,39)
Edge(13375,109650,3)
Edge(13375,122347,5)
Edge(13375,124949,2)
Edge(13375,133486,5)
Edge(13375,156650,11)
Edge(13375,180693,1)
Edge(13375,195434,1)
Edge(13375,220032,3)
Edge(13553,15481,1)
Edge(13553,15582,2)
Edge(13553,16751,6)
Edge(13553,18534,1)
Edge(13553,18614,39)
Edge(13553,21771,3)
Edge(13553,23007,1)
Edge(13553,24252,12)
Edge(13553,25106,4)
Edge(13553,26187,3)
Edge(13553,27171,30)
Edge(13553,32243,1)
Edge(13553,33306,4)
Edge(13553,36127,1)
Edge(13553,39249,12)
Edge(13553,39674,1)
Edge(13553,39717,2)
Edge(13553,48476,5)
Edge(13553,53175,22)
Edge(13553,57296,1)
Edge(13553,61488,6)
Edge(13553,64269,1)
Edge(13553,68584,1)
Edge(13553,69951,2)
Edge(13553,72943,4)
Edge(13553,73626,1)
Edge(13553,78662,4)
Edge(13553,79574,6)
Edge(13553,89630,29)
Edge(13553,102112,2)
Edge(13553,122347,4)
Edge(13553,150428,1)
Edge(13933,53175,2)
Edge(14059,16751,4)
Edge(14059,16820,12)
Edge(14059,23007,1)
Edge(14059,26187,1)
Edge(14059,26252,2)
Edge(14059,29727,1)
Edge(14059,30425,1)
Edge(14059,36909,7)
Edge(14059,38541,8)
Edge(14059,39249,1)
Edge(14059,39674,1)
Edge(14059,39717,1)
Edge(14059,44623,1)
Edge(14059,44953,5)
Edge(14059,45227,1)
Edge(14059,47446,2)
Edge(14059,48476,5)
Edge(14059,53175,70)
Edge(14059,57863,6)
Edge(14059,58013,3)
Edge(14059,62432,2)
Edge(14059,64269,2)
Edge(14059,69286,3)
Edge(14059,69693,2)
Edge(14059,69951,103)
Edge(14059,70719,2)
Edge(14059,72943,2)
Edge(14059,73626,1)
Edge(14059,76679,23)
Edge(14059,78662,1)
Edge(14059,79482,6)
Edge(14059,79574,2)
Edge(14059,102112,3)
Edge(14059,105396,6)
Edge(14059,109349,19)
Edge(14059,133023,2)
Edge(14333,14811,1)
Edge(14333,15481,62)
Edge(14333,16751,43)
Edge(14333,17854,9)
Edge(14333,18534,36)
Edge(14333,18614,2)
Edge(14333,20203,1)
Edge(14333,21910,1)
Edge(14333,23007,6)
Edge(14333,23923,6)
Edge(14333,25583,1)
Edge(14333,26187,1)
Edge(14333,28499,3)
Edge(14333,29727,11)
Edge(14333,30425,11)
Edge(14333,32545,7)
Edge(14333,33306,1)
Edge(14333,34209,17)
Edge(14333,35416,2)
Edge(14333,36216,2)
Edge(14333,36909,8)
Edge(14333,38541,1)
Edge(14333,38620,1)
Edge(14333,39097,3)
Edge(14333,39217,23)
Edge(14333,39249,1)
Edge(14333,43936,2)
Edge(14333,44953,3)
Edge(14333,45227,1)
Edge(14333,47446,6)
Edge(14333,48476,5)
Edge(14333,53175,81)
Edge(14333,57863,1)
Edge(14333,58013,1)
Edge(14333,62509,1)
Edge(14333,64269,1)
Edge(14333,69286,2)
Edge(14333,69693,5)
Edge(14333,69951,5)
Edge(14333,70719,2)
Edge(14333,72202,1)
Edge(14333,72943,10)
Edge(14333,73626,3)
Edge(14333,78662,4)
Edge(14333,79482,2)
Edge(14333,79574,12)
Edge(14333,80891,2)
Edge(14333,81630,2)
Edge(14333,86071,1)
Edge(14333,86370,3)
Edge(14333,89630,1)
Edge(14333,96548,1)
Edge(14333,102112,5)
Edge(14333,105396,3)
Edge(14333,109349,7)
Edge(14333,109650,12)
Edge(14333,133486,1)
Edge(14333,143282,1)
Edge(14333,145712,3)
Edge(14333,192342,1)
Edge(14333,195434,2)
Edge(14333,199505,1)
Edge(14811,15481,5)
Edge(14811,16751,32)
Edge(14811,16820,8)
Edge(14811,17606,1)
Edge(14811,17854,3)
Edge(14811,18534,14)
Edge(14811,18614,1)
Edge(14811,19615,1)
Edge(14811,20203,6)
Edge(14811,21771,1)
Edge(14811,23007,6)
Edge(14811,23195,27)
Edge(14811,23923,6)
Edge(14811,24252,1)
Edge(14811,26252,1)
Edge(14811,29727,33)
Edge(14811,30425,4)
Edge(14811,32545,5)
Edge(14811,34209,4)
Edge(14811,36216,5)
Edge(14811,36823,3)
Edge(14811,36909,75)
Edge(14811,37692,1)
Edge(14811,38541,2)
Edge(14811,38620,33)
Edge(14811,39097,2)
Edge(14811,39217,1)
Edge(14811,39674,4)
Edge(14811,40590,44)
Edge(14811,43936,3)
Edge(14811,44623,6)
Edge(14811,44953,1)
Edge(14811,45146,2)
Edge(14811,45227,1)
Edge(14811,47446,28)
Edge(14811,48476,12)
Edge(14811,53175,59)
Edge(14811,55486,1)
Edge(14811,57863,16)
Edge(14811,58013,6)
Edge(14811,62432,5)
Edge(14811,63323,1)
Edge(14811,64587,2)
Edge(14811,68584,7)
Edge(14811,69286,19)
Edge(14811,69693,5)
Edge(14811,69951,22)
Edge(14811,70719,5)
Edge(14811,72202,2)
Edge(14811,72943,28)
Edge(14811,73626,1)
Edge(14811,76679,23)
Edge(14811,79574,8)
Edge(14811,80891,1)
Edge(14811,81630,1)
Edge(14811,85792,4)
Edge(14811,86071,2)
Edge(14811,96630,2)
Edge(14811,102112,2)
Edge(14811,104993,1)
Edge(14811,105396,8)
Edge(14811,109349,4)
Edge(14811,109650,10)
Edge(14811,122347,1)
Edge(14811,133873,1)
Edge(14811,135796,3)
Edge(14811,143282,2)
Edge(14811,145712,1)
Edge(14811,192342,3)
Edge(14811,195434,1)
Edge(14811,199505,20)
Edge(15481,15582,2)
Edge(15481,16751,188)
Edge(15481,16820,3)
Edge(15481,17854,19)
Edge(15481,18534,35)
Edge(15481,19615,2)
Edge(15481,20203,10)
Edge(15481,21771,6)
Edge(15481,21910,9)
Edge(15481,23007,8)
Edge(15481,23272,3)
Edge(15481,23923,3)
Edge(15481,24252,1)
Edge(15481,25583,1)
Edge(15481,26187,1)
Edge(15481,26252,1)
Edge(15481,27171,1)
Edge(15481,29727,5)
Edge(15481,30425,19)
Edge(15481,32545,3)
Edge(15481,34209,25)
Edge(15481,35416,22)
Edge(15481,36216,20)
Edge(15481,36909,6)
Edge(15481,38541,8)
Edge(15481,38620,1)
Edge(15481,39097,2)
Edge(15481,39217,36)
Edge(15481,39249,19)
Edge(15481,39674,2)
Edge(15481,41960,1)
Edge(15481,42360,2)
Edge(15481,43936,2)
Edge(15481,44623,13)
Edge(15481,44953,17)
Edge(15481,45146,4)
Edge(15481,45227,1)
Edge(15481,47446,41)
Edge(15481,48476,7)
Edge(15481,49377,5)
Edge(15481,53175,314)
Edge(15481,55486,2)
Edge(15481,57863,31)
Edge(15481,58013,40)
Edge(15481,59621,1)
Edge(15481,62432,5)
Edge(15481,62509,3)
Edge(15481,63323,9)
Edge(15481,64269,2)
Edge(15481,64687,4)
Edge(15481,69286,35)
Edge(15481,69693,10)
Edge(15481,69951,17)
Edge(15481,70719,15)
Edge(15481,72202,1)
Edge(15481,72943,54)
Edge(15481,73626,12)
Edge(15481,76679,12)
Edge(15481,77195,1)
Edge(15481,78662,25)
Edge(15481,79482,1)
Edge(15481,79574,10)
Edge(15481,80259,1)
Edge(15481,80891,1)
Edge(15481,81630,5)
Edge(15481,81752,1)
Edge(15481,85792,1)
Edge(15481,86071,1)
Edge(15481,86370,5)
Edge(15481,96548,2)
Edge(15481,96630,2)
Edge(15481,102112,3)
Edge(15481,104993,1)
Edge(15481,105396,1)
Edge(15481,109349,42)
Edge(15481,109650,2)
Edge(15481,122347,1)
Edge(15481,133023,1)
Edge(15481,133486,2)
Edge(15481,145712,3)
Edge(15481,180693,2)
Edge(15481,188116,2)
Edge(15481,192342,1)
Edge(15481,195434,10)
Edge(15481,200648,1)
Edge(15481,220032,9)
Edge(15582,16154,2)
Edge(15582,18534,2)
Edge(15582,21968,14)
Edge(15582,23007,1)
Edge(15582,24252,6)
Edge(15582,26187,31)
Edge(15582,27171,1)
Edge(15582,30425,2)
Edge(15582,32243,5)
Edge(15582,35416,8)
Edge(15582,36216,1)
Edge(15582,36909,1)
Edge(15582,38664,33)
Edge(15582,39226,3)
Edge(15582,39249,12)
Edge(15582,39717,31)
Edge(15582,42193,17)
Edge(15582,42360,1)
Edge(15582,48476,2)
Edge(15582,50554,5)
Edge(15582,53175,25)
Edge(15582,57296,9)
Edge(15582,59211,33)
Edge(15582,61488,6)
Edge(15582,64269,6)
Edge(15582,64597,30)
Edge(15582,68584,11)
Edge(15582,69016,9)
Edge(15582,73626,7)
Edge(15582,76679,1)
Edge(15582,79574,102)
Edge(15582,80259,8)
Edge(15582,81752,4)
Edge(15582,84081,1)
Edge(15582,86858,2)
Edge(15582,89630,25)
Edge(15582,91263,2)
Edge(15582,94819,1)
Edge(15582,96548,1)
Edge(15582,96630,73)
Edge(15582,102488,2)
Edge(15582,105396,1)
Edge(15582,109349,1)
Edge(15582,115792,1)
Edge(15582,117400,7)
Edge(15582,118815,31)
Edge(15582,122347,24)
Edge(15582,123593,1)
Edge(15582,124949,13)
Edge(15582,138024,1)
Edge(15582,139628,4)
Edge(15582,150428,1)
Edge(15582,156650,16)
Edge(15582,179053,2)
Edge(15680,23272,20)
Edge(15680,23923,1)
Edge(15680,30425,2)
Edge(15680,39217,8)
Edge(15680,39893,5)
Edge(15680,47446,29)
Edge(15680,53175,1)
Edge(15680,57863,2)
Edge(15680,64687,65)
Edge(15680,69693,1)
Edge(15680,96082,11)
Edge(15680,133873,1)
Edge(15680,220032,3)
Edge(16154,25106,2)
Edge(16154,33306,2)
Edge(16154,35416,1)
Edge(16154,36909,1)
Edge(16154,39249,1)
Edge(16154,39717,1)
Edge(16154,49377,1)
Edge(16154,53175,8)
Edge(16154,57863,1)
Edge(16154,58013,2)
Edge(16154,69951,3)
Edge(16154,72943,8)
Edge(16154,76679,6)
Edge(16154,78662,7)
Edge(16154,79574,30)
Edge(16154,79793,1)
Edge(16154,80891,2)
Edge(16154,84081,1)
Edge(16154,85256,1)
Edge(16154,91263,1)
Edge(16154,96548,2)
Edge(16154,96630,2)
Edge(16154,102488,1)
Edge(16154,105396,6)
Edge(16154,150428,1)
Edge(16154,179053,5)
Edge(16245,81630,3)
Edge(16751,16820,5)
Edge(16751,17606,1)
Edge(16751,17854,8)
Edge(16751,18534,81)
Edge(16751,18614,14)
Edge(16751,19615,6)
Edge(16751,20203,11)
Edge(16751,21771,11)
Edge(16751,21910,16)
Edge(16751,23007,7)
Edge(16751,23195,4)
Edge(16751,23272,9)
Edge(16751,23663,4)
Edge(16751,23923,7)
Edge(16751,24252,1)
Edge(16751,26187,4)
Edge(16751,27171,3)
Edge(16751,29727,167)
Edge(16751,30425,41)
Edge(16751,32545,6)
Edge(16751,33306,6)
Edge(16751,33709,2)
Edge(16751,34209,59)
Edge(16751,35416,7)
Edge(16751,36216,56)
Edge(16751,36823,1)
Edge(16751,36909,54)
Edge(16751,38541,13)
Edge(16751,38620,1)
Edge(16751,39097,3)
Edge(16751,39217,26)
Edge(16751,39249,1)
Edge(16751,39552,1)
Edge(16751,39674,19)
Edge(16751,40590,3)
Edge(16751,41960,1)
Edge(16751,44623,7)
Edge(16751,44953,9)
Edge(16751,45146,5)
Edge(16751,47446,195)
Edge(16751,48476,24)
Edge(16751,49377,4)
Edge(16751,53175,453)
Edge(16751,55486,5)
Edge(16751,57863,36)
Edge(16751,58013,19)
Edge(16751,59621,1)
Edge(16751,61488,1)
Edge(16751,62432,4)
Edge(16751,62509,3)
Edge(16751,63323,31)
Edge(16751,64269,5)
Edge(16751,64687,1)
Edge(16751,69286,43)
Edge(16751,69693,9)
Edge(16751,69951,137)
Edge(16751,70719,40)
Edge(16751,72202,3)
Edge(16751,72943,35)
Edge(16751,73626,3)
Edge(16751,76679,21)
Edge(16751,77195,3)
Edge(16751,78662,9)
Edge(16751,79482,4)
Edge(16751,79574,15)
Edge(16751,80259,1)
Edge(16751,80891,1)
Edge(16751,81630,20)
Edge(16751,81752,1)
Edge(16751,84081,1)
Edge(16751,85256,2)
Edge(16751,85792,5)
Edge(16751,86071,1)
Edge(16751,86370,14)
Edge(16751,96082,13)
Edge(16751,96630,2)
Edge(16751,102112,6)
Edge(16751,102488,4)
Edge(16751,104993,2)
Edge(16751,105396,22)
Edge(16751,109349,34)
Edge(16751,109650,15)
Edge(16751,123593,1)
Edge(16751,133486,5)
Edge(16751,133873,9)
Edge(16751,135796,7)
Edge(16751,143282,15)
Edge(16751,145712,11)
Edge(16751,156650,2)
Edge(16751,180693,2)
Edge(16751,192342,9)
Edge(16751,195434,8)
Edge(16751,199505,7)
Edge(16751,220032,6)
Edge(16820,18534,2)
Edge(16820,18614,1)
Edge(16820,20203,8)
Edge(16820,23007,1)
Edge(16820,23923,1)
Edge(16820,32545,6)
Edge(16820,36216,1)
Edge(16820,36909,73)
Edge(16820,38541,45)
Edge(16820,38620,14)
Edge(16820,39097,1)
Edge(16820,39674,3)
Edge(16820,44623,1)
Edge(16820,44953,9)
Edge(16820,45146,3)
Edge(16820,47446,9)
Edge(16820,48476,5)
Edge(16820,49377,1)
Edge(16820,53175,42)
Edge(16820,57863,9)
Edge(16820,62432,1)
Edge(16820,64269,7)
Edge(16820,69286,3)
Edge(16820,69951,15)
Edge(16820,70719,3)
Edge(16820,72943,7)
Edge(16820,73626,1)
Edge(16820,76679,3)
Edge(16820,78662,3)
Edge(16820,79482,2)
Edge(16820,81752,1)
Edge(16820,105396,12)
Edge(16820,109349,20)
Edge(16820,109650,1)
Edge(16820,122347,1)
Edge(16820,133873,1)
Edge(16820,179053,1)
Edge(16820,195434,3)
Edge(17606,23923,2)
Edge(17606,35416,1)
Edge(17606,36909,1)
Edge(17606,53175,11)
Edge(17606,70374,6)
Edge(17606,72943,1)
Edge(17606,76679,1)
Edge(17606,185285,1)
Edge(17854,18534,4)
Edge(17854,19615,1)
Edge(17854,21771,3)
Edge(17854,23923,1)
Edge(17854,26187,1)
Edge(17854,28499,1)
Edge(17854,29727,7)
Edge(17854,30425,3)
Edge(17854,34209,11)
Edge(17854,36216,5)
Edge(17854,36909,5)
Edge(17854,38541,2)
Edge(17854,38620,1)
Edge(17854,39097,3)
Edge(17854,39217,1)
Edge(17854,39674,1)
Edge(17854,43936,8)
Edge(17854,44623,1)
Edge(17854,44953,6)
Edge(17854,47446,2)
Edge(17854,53175,24)
Edge(17854,57863,1)
Edge(17854,58013,5)
Edge(17854,69693,1)
Edge(17854,69951,6)
Edge(17854,72943,11)
Edge(17854,78662,5)
Edge(17854,79482,1)
Edge(17854,79574,6)
Edge(17854,81630,4)
Edge(17854,85256,2)
Edge(17854,86370,2)
Edge(17854,96548,1)
Edge(17854,102112,3)
Edge(17854,109349,4)
Edge(17854,109650,1)
Edge(17854,195434,4)
Edge(17854,200648,1)
Edge(17854,220032,1)
Edge(18534,19615,8)
Edge(18534,20203,4)
Edge(18534,21910,27)
Edge(18534,23007,11)
Edge(18534,23272,3)
Edge(18534,23663,1)
Edge(18534,23923,2)
Edge(18534,25583,1)
Edge(18534,26187,6)
Edge(18534,27171,1)
Edge(18534,29727,5)
Edge(18534,30425,21)
Edge(18534,32545,6)
Edge(18534,34209,27)
Edge(18534,35416,3)
Edge(18534,36216,18)
Edge(18534,36909,10)
Edge(18534,38541,9)
Edge(18534,38620,2)
Edge(18534,39097,14)
Edge(18534,39217,3)
Edge(18534,39249,1)
Edge(18534,39674,4)
Edge(18534,39717,1)
Edge(18534,40590,3)
Edge(18534,41960,1)
Edge(18534,44623,5)
Edge(18534,44953,11)
Edge(18534,45227,1)
Edge(18534,47446,46)
Edge(18534,48476,29)
Edge(18534,49377,2)
Edge(18534,53175,463)
Edge(18534,55486,5)
Edge(18534,57863,27)
Edge(18534,58013,7)
Edge(18534,62432,1)
Edge(18534,62509,1)
Edge(18534,63323,1)
Edge(18534,64269,4)
Edge(18534,69286,3)
Edge(18534,69693,6)
Edge(18534,69951,69)
Edge(18534,70719,48)
Edge(18534,72202,2)
Edge(18534,72943,15)
Edge(18534,73626,3)
Edge(18534,76679,10)
Edge(18534,77195,6)
Edge(18534,78662,19)
Edge(18534,79482,1)
Edge(18534,79574,33)
Edge(18534,79793,1)
Edge(18534,80891,11)
Edge(18534,81630,1)
Edge(18534,86071,2)
Edge(18534,86370,14)
Edge(18534,89630,2)
Edge(18534,94819,4)
Edge(18534,96548,5)
Edge(18534,102112,7)
Edge(18534,105396,6)
Edge(18534,109349,37)
Edge(18534,133023,1)
Edge(18534,133486,1)
Edge(18534,133873,1)
Edge(18534,135796,1)
Edge(18534,143282,3)
Edge(18534,145712,1)
Edge(18534,171866,2)
Edge(18534,180693,2)
Edge(18534,192342,6)
Edge(18534,195434,11)
Edge(18534,199505,12)
Edge(18534,220032,5)
Edge(18614,19615,1)
Edge(18614,20203,3)
Edge(18614,21771,1)
Edge(18614,23007,4)
Edge(18614,25106,2)
Edge(18614,27171,45)
Edge(18614,30425,1)
Edge(18614,33306,77)
Edge(18614,36909,1)
Edge(18614,39249,63)
Edge(18614,44623,1)
Edge(18614,44953,1)
Edge(18614,47446,7)
Edge(18614,48476,1)
Edge(18614,53175,38)
Edge(18614,57863,9)
Edge(18614,58013,6)
Edge(18614,61488,1)
Edge(18614,64269,9)
Edge(18614,69286,1)
Edge(18614,69951,3)
Edge(18614,70719,3)
Edge(18614,72943,10)
Edge(18614,78662,11)
Edge(18614,79574,1)
Edge(18614,84081,1)
Edge(18614,86370,1)
Edge(18614,89630,2)
Edge(18614,94819,1)
Edge(18614,96548,4)
Edge(18614,96630,1)
Edge(18614,102112,2)
Edge(18614,109349,3)
Edge(18614,133873,1)
Edge(18614,179053,2)
Edge(18614,180693,1)
Edge(18614,220032,2)
Edge(19615,20203,4)
Edge(19615,21910,2)
Edge(19615,23007,2)
Edge(19615,23272,1)
Edge(19615,23923,1)
Edge(19615,29727,1)
Edge(19615,36216,3)
Edge(19615,36823,2)
Edge(19615,39097,1)
Edge(19615,44953,2)
Edge(19615,45146,3)
Edge(19615,47446,46)
Edge(19615,48476,1)
Edge(19615,49377,1)
Edge(19615,53175,78)
Edge(19615,55486,3)
Edge(19615,57863,1)
Edge(19615,58013,1)
Edge(19615,64687,1)
Edge(19615,69286,1)
Edge(19615,69693,10)
Edge(19615,69951,42)
Edge(19615,70719,19)
Edge(19615,72943,4)
Edge(19615,79574,9)
Edge(19615,81630,6)
Edge(19615,86370,1)
Edge(19615,96082,2)
Edge(19615,96548,1)
Edge(19615,102112,2)
Edge(19615,104993,1)
Edge(19615,109349,1)
Edge(19615,133486,2)
Edge(19615,199505,3)
Edge(19615,220032,1)
Edge(20203,21771,2)
Edge(20203,21910,2)
Edge(20203,23007,1)
Edge(20203,23272,6)
Edge(20203,23923,1)
Edge(20203,25583,1)
Edge(20203,29727,9)
Edge(20203,32545,2)
Edge(20203,36216,8)
Edge(20203,36823,1)
Edge(20203,36909,2)
Edge(20203,38541,13)
Edge(20203,39097,1)
Edge(20203,39674,1)
Edge(20203,40590,1)
Edge(20203,44623,45)
Edge(20203,45146,8)
Edge(20203,45227,3)
Edge(20203,47446,13)
Edge(20203,48476,5)
Edge(20203,49377,2)
Edge(20203,53175,203)
Edge(20203,55486,6)
Edge(20203,57863,16)
Edge(20203,58013,23)
Edge(20203,62432,3)
Edge(20203,64687,1)
Edge(20203,69693,27)
Edge(20203,69951,11)
Edge(20203,72202,3)
Edge(20203,72943,33)
Edge(20203,76679,2)
Edge(20203,78662,1)
Edge(20203,79482,1)
Edge(20203,79574,2)
Edge(20203,80891,3)
Edge(20203,81630,6)
Edge(20203,85256,3)
Edge(20203,85792,1)
Edge(20203,86370,2)
Edge(20203,96082,2)
Edge(20203,96548,1)
Edge(20203,102112,2)
Edge(20203,109349,32)
Edge(20203,133486,5)
Edge(20203,133873,1)
Edge(20203,145712,2)
Edge(20203,192342,1)
Edge(20203,195434,2)
Edge(20203,200648,1)
Edge(21771,23923,1)
Edge(21771,24252,2)
Edge(21771,25583,1)
Edge(21771,26187,2)
Edge(21771,27171,2)
Edge(21771,33306,1)
Edge(21771,34209,7)
Edge(21771,35416,3)
Edge(21771,44953,1)
Edge(21771,47446,5)
Edge(21771,48476,1)
Edge(21771,53175,5)
Edge(21771,57863,1)
Edge(21771,72202,1)
Edge(21771,72943,1)
Edge(21771,73626,1)
Edge(21771,76679,1)
Edge(21771,78662,2)
Edge(21771,79574,1)
Edge(21771,89630,1)
Edge(21771,102488,16)
Edge(21771,105396,2)
Edge(21771,109650,1)
Edge(21771,135796,9)
Edge(21771,179053,2)
Edge(21910,23007,8)
Edge(21910,23923,2)
Edge(21910,26252,1)
Edge(21910,28499,4)
Edge(21910,29727,1)
Edge(21910,30425,1)
Edge(21910,32545,1)
Edge(21910,35416,4)
Edge(21910,36216,6)
Edge(21910,36909,1)
Edge(21910,38541,1)
Edge(21910,39097,2)
Edge(21910,39249,1)
Edge(21910,43936,1)
Edge(21910,44623,2)
Edge(21910,44953,1)
Edge(21910,47446,6)
Edge(21910,48476,3)
Edge(21910,53175,102)
Edge(21910,55486,2)
Edge(21910,57296,1)
Edge(21910,57863,2)
Edge(21910,58013,4)
Edge(21910,59621,1)
Edge(21910,62432,2)
Edge(21910,69286,1)
Edge(21910,69693,4)
Edge(21910,69951,24)
Edge(21910,72202,1)
Edge(21910,72943,61)
Edge(21910,76679,1)
Edge(21910,78662,5)
Edge(21910,79574,5)
Edge(21910,80891,7)
Edge(21910,85256,2)
Edge(21910,86071,5)
Edge(21910,86370,4)
Edge(21910,89630,1)
Edge(21910,96548,1)
Edge(21910,102488,1)
Edge(21910,105396,1)
Edge(21910,109349,9)
Edge(21910,124949,1)
Edge(21910,133486,6)
Edge(21910,145712,5)
Edge(21910,180693,3)
Edge(21910,192342,9)
Edge(21968,26187,26)
Edge(21968,27171,2)
Edge(21968,38664,4)
Edge(21968,59211,1)
Edge(21968,61488,2)
Edge(21968,64597,1)
Edge(21968,72943,2)
Edge(21968,79574,15)
Edge(21968,86858,1)
Edge(21968,96630,11)
Edge(21968,117400,4)
Edge(21968,118815,1)
Edge(21968,122347,1)
Edge(21968,123593,1)
Edge(21968,179053,1)
Edge(22649,70374,1)
Edge(23007,23195,5)
Edge(23007,23923,2)
Edge(23007,24252,1)
Edge(23007,25106,1)
Edge(23007,26187,1)
Edge(23007,26252,1)
Edge(23007,28499,1)
Edge(23007,29727,3)
Edge(23007,30425,1)
Edge(23007,32545,3)
Edge(23007,34209,3)
Edge(23007,35416,3)
Edge(23007,36216,1)
Edge(23007,36823,24)
Edge(23007,36909,13)
Edge(23007,38541,7)
Edge(23007,38620,2)
Edge(23007,38664,1)
Edge(23007,39097,11)
Edge(23007,39217,1)
Edge(23007,39249,5)
Edge(23007,39717,2)
Edge(23007,44623,5)
Edge(23007,44953,7)
Edge(23007,45146,2)
Edge(23007,45227,1)
Edge(23007,47446,12)
Edge(23007,48476,19)
Edge(23007,49377,1)
Edge(23007,53175,438)
Edge(23007,55014,3)
Edge(23007,55486,1)
Edge(23007,57863,6)
Edge(23007,58013,9)
Edge(23007,59621,1)
Edge(23007,62432,2)
Edge(23007,62509,2)
Edge(23007,63323,1)
Edge(23007,64687,2)
Edge(23007,69286,18)
Edge(23007,69693,4)
Edge(23007,69951,78)
Edge(23007,70719,3)
Edge(23007,72202,1)
Edge(23007,72943,71)
Edge(23007,73626,5)
Edge(23007,76679,49)
Edge(23007,77195,6)
Edge(23007,78662,2)
Edge(23007,79574,40)
Edge(23007,80891,7)
Edge(23007,81630,1)
Edge(23007,85256,3)
Edge(23007,86071,1)
Edge(23007,86370,2)
Edge(23007,96548,7)
Edge(23007,102112,1)
Edge(23007,102488,13)
Edge(23007,105396,4)
Edge(23007,109349,27)
Edge(23007,109650,4)
Edge(23007,133023,4)
Edge(23007,133486,2)
Edge(23007,135796,2)
Edge(23007,145712,1)
Edge(23007,156650,1)
Edge(23007,192342,14)
Edge(23007,195434,2)
Edge(23007,200648,1)
Edge(23007,220032,1)
Edge(23195,23923,1)
Edge(23195,27171,1)
Edge(23195,29727,1)
Edge(23195,36909,3)
Edge(23195,38620,1)
Edge(23195,39097,1)
Edge(23195,47446,2)
Edge(23195,48476,1)
Edge(23195,53175,15)
Edge(23195,58013,1)
Edge(23195,68584,1)
Edge(23195,69286,37)
Edge(23195,72943,1)
Edge(23195,78662,2)
Edge(23195,79574,1)
Edge(23195,81630,1)
Edge(23195,109650,1)
Edge(23195,133486,1)
Edge(23195,133873,1)
Edge(23272,23663,7)
Edge(23272,30425,3)
Edge(23272,36216,1)
Edge(23272,36909,3)
Edge(23272,37692,2)
Edge(23272,38620,3)
Edge(23272,39217,118)
Edge(23272,39893,1)
Edge(23272,45146,4)
Edge(23272,45227,1)
Edge(23272,47446,167)
Edge(23272,53175,13)
Edge(23272,57863,6)
Edge(23272,64687,125)
Edge(23272,69286,2)
Edge(23272,69693,2)
Edge(23272,69951,7)
Edge(23272,70719,1)
Edge(23272,72943,2)
Edge(23272,78662,4)
Edge(23272,81630,5)
Edge(23272,85792,1)
Edge(23272,86071,1)
Edge(23272,96082,8)
Edge(23272,105396,2)
Edge(23272,109349,2)
Edge(23272,133873,8)
Edge(23272,145712,1)
Edge(23272,199505,1)
Edge(23663,29727,2)
Edge(23663,30425,1)
Edge(23663,36216,7)
Edge(23663,36909,2)
Edge(23663,39217,7)
Edge(23663,45146,2)
Edge(23663,47446,120)
Edge(23663,57863,5)
Edge(23663,64687,4)
Edge(23663,69693,1)
Edge(23663,69951,8)
Edge(23663,76679,1)
Edge(23663,78662,2)
Edge(23663,79574,1)
Edge(23663,81630,9)
Edge(23663,86071,3)
Edge(23663,133873,12)
Edge(23923,28499,1)
Edge(23923,29727,18)
Edge(23923,30425,6)
Edge(23923,32243,1)
Edge(23923,32545,8)
Edge(23923,34209,1)
Edge(23923,36216,6)
Edge(23923,36823,2)
Edge(23923,36909,81)
Edge(23923,38620,5)
Edge(23923,38664,1)
Edge(23923,42360,2)
Edge(23923,44623,1)
Edge(23923,44953,5)
Edge(23923,45146,16)
Edge(23923,47446,10)
Edge(23923,48476,1)
Edge(23923,49377,1)
Edge(23923,53175,33)
Edge(23923,57863,2)
Edge(23923,58013,5)
Edge(23923,63323,2)
Edge(23923,64269,1)
Edge(23923,69693,1)
Edge(23923,69951,4)
Edge(23923,72943,50)
Edge(23923,76679,1)
Edge(23923,79482,1)
Edge(23923,79574,37)
Edge(23923,80891,1)
Edge(23923,85256,4)
Edge(23923,85792,12)
Edge(23923,86071,1)
Edge(23923,96548,1)
Edge(23923,102112,2)
Edge(23923,104993,1)
Edge(23923,105396,4)
Edge(23923,109349,4)
Edge(23923,109650,4)
Edge(23923,123593,8)
Edge(23923,143282,1)
Edge(23923,145712,4)
Edge(23923,156650,1)
Edge(23923,180693,7)
Edge(23923,195434,2)
Edge(24252,24875,3)
Edge(24252,26187,3)
Edge(24252,27171,12)
Edge(24252,32243,7)
Edge(24252,36127,4)
Edge(24252,36216,1)
Edge(24252,36909,1)
Edge(24252,38664,1)
Edge(24252,39249,2)
Edge(24252,39717,43)
Edge(24252,49377,1)
Edge(24252,53175,7)
Edge(24252,57296,18)
Edge(24252,62432,1)
Edge(24252,64269,3)
Edge(24252,68584,1)
Edge(24252,69016,1)
Edge(24252,69693,3)
Edge(24252,69951,2)
Edge(24252,72943,4)
Edge(24252,73626,1)
Edge(24252,76679,2)
Edge(24252,78662,1)
Edge(24252,79574,8)
Edge(24252,89630,23)
Edge(24252,96630,79)
Edge(24252,102488,1)
Edge(24252,115792,4)
Edge(24252,122347,6)
Edge(24252,124949,2)
Edge(24252,179053,2)
Edge(24875,25583,1)
Edge(24875,38664,3)
Edge(24875,39097,1)
Edge(24875,39249,6)
Edge(24875,39717,1)
Edge(24875,42193,2)
Edge(24875,57296,21)
Edge(24875,61488,1)
Edge(24875,64269,2)
Edge(24875,72943,1)
Edge(24875,78662,1)
Edge(24875,79574,4)
Edge(24875,80259,1)
Edge(24875,81752,1)
Edge(24875,89630,2)
Edge(24875,96548,1)
Edge(24875,96630,5)
Edge(24875,122347,1)
Edge(24875,150428,1)
Edge(24875,179053,2)
Edge(24875,195434,3)
Edge(25106,25583,2)
Edge(25106,28499,3)
Edge(25106,35416,9)
Edge(25106,36909,1)
Edge(25106,38664,2)
Edge(25106,39097,1)
Edge(25106,39249,4)
Edge(25106,39717,1)
Edge(25106,42360,9)
Edge(25106,44623,12)
Edge(25106,53175,22)
Edge(25106,58013,1)
Edge(25106,59621,1)
Edge(25106,64269,1)
Edge(25106,69286,1)
Edge(25106,72943,68)
Edge(25106,73626,2)
Edge(25106,79574,95)
Edge(25106,80259,5)
Edge(25106,80891,1)
Edge(25106,96548,39)
Edge(25106,96630,1)
Edge(25106,102488,13)
Edge(25106,104993,1)
Edge(25106,115792,1)
Edge(25106,123593,6)
Edge(25106,143282,2)
Edge(25106,150428,2)
Edge(25106,179053,10)
Edge(25106,200648,7)
Edge(25583,36909,1)
Edge(25583,39249,1)
Edge(25583,44623,1)
Edge(25583,47446,1)
Edge(25583,53175,12)
Edge(25583,57296,1)
Edge(25583,57863,2)
Edge(25583,58013,8)
Edge(25583,64269,6)
Edge(25583,69951,2)
Edge(25583,72943,91)
Edge(25583,76679,7)
Edge(25583,79482,12)
Edge(25583,79574,2)
Edge(25583,80891,1)
Edge(25583,81630,1)
Edge(25583,102112,2)
Edge(25583,109349,4)
Edge(25583,180693,3)
Edge(25583,192342,1)
Edge(25583,199505,1)
Edge(25583,220032,1)
Edge(26187,27171,3)
Edge(26187,30425,2)
Edge(26187,32243,3)
Edge(26187,33306,2)
Edge(26187,33709,1)
Edge(26187,35416,8)
Edge(26187,36216,1)
Edge(26187,36823,1)
Edge(26187,38541,1)
Edge(26187,38664,2)
Edge(26187,39097,1)
Edge(26187,39249,1)
Edge(26187,39717,17)
Edge(26187,42193,4)
Edge(26187,47446,2)
Edge(26187,53175,8)
Edge(26187,57296,4)
Edge(26187,57863,1)
Edge(26187,59211,1)
Edge(26187,61488,1)
Edge(26187,64269,1)
Edge(26187,64597,2)
Edge(26187,68584,2)
Edge(26187,69016,1)
Edge(26187,69693,1)
Edge(26187,69951,1)
Edge(26187,73626,4)
Edge(26187,78662,1)
Edge(26187,79574,37)
Edge(26187,81752,1)
Edge(26187,84081,3)
Edge(26187,89630,2)
Edge(26187,91263,1)
Edge(26187,94819,1)
Edge(26187,96630,81)
Edge(26187,102488,2)
Edge(26187,117400,7)
Edge(26187,118815,27)
Edge(26187,123593,1)
Edge(26187,124949,7)
Edge(26187,133486,1)
Edge(26187,179053,2)
Edge(26187,200648,1)
Edge(26252,30425,1)
Edge(26252,36909,5)
Edge(26252,44953,2)
Edge(26252,45227,49)
Edge(26252,47446,6)
Edge(26252,49377,1)
Edge(26252,53175,33)
Edge(26252,57863,1)
Edge(26252,58013,17)
Edge(26252,69693,1)
Edge(26252,69951,4)
Edge(26252,72943,1)
Edge(26252,76679,8)
Edge(26252,79482,50)
Edge(26252,102112,138)
Edge(26252,105396,3)
Edge(26252,109349,90)
Edge(26252,192342,1)
Edge(26252,199505,2)
Edge(26252,204880,1)
Edge(27171,30425,1)
Edge(27171,32243,2)
Edge(27171,33306,18)
Edge(27171,34209,1)
Edge(27171,36127,11)
Edge(27171,36909,1)
Edge(27171,38541,1)
Edge(27171,39249,2)
Edge(27171,39717,4)
Edge(27171,47446,1)
Edge(27171,53175,7)
Edge(27171,57296,6)
Edge(27171,58013,1)
Edge(27171,61488,8)
Edge(27171,64269,3)
Edge(27171,64587,1)
Edge(27171,69693,7)
Edge(27171,72943,4)
Edge(27171,78662,2)
Edge(27171,79482,1)
Edge(27171,79574,2)
Edge(27171,80259,1)
Edge(27171,80891,1)
Edge(27171,96630,33)
Edge(27171,109650,1)
Edge(27171,118815,1)
Edge(27171,124949,1)
Edge(27171,192342,1)
Edge(27171,195434,2)
Edge(28499,29727,1)
Edge(28499,32545,2)
Edge(28499,35416,7)
Edge(28499,36216,7)
Edge(28499,36909,1)
Edge(28499,39249,1)
Edge(28499,53175,16)
Edge(28499,58013,2)
Edge(28499,61488,1)
Edge(28499,64269,1)
Edge(28499,64587,1)
Edge(28499,69693,1)
Edge(28499,69951,2)
Edge(28499,72943,14)
Edge(28499,73626,2)
Edge(28499,78662,1)
Edge(28499,79574,25)
Edge(28499,85256,3)
Edge(28499,96548,2)
Edge(28499,104993,1)
Edge(28499,109349,1)
Edge(28499,123593,1)
Edge(28499,145712,1)
Edge(28499,150428,1)
Edge(28499,200648,1)
Edge(29727,32545,26)
Edge(29727,33306,2)
Edge(29727,34209,6)
Edge(29727,36216,44)
Edge(29727,36823,2)
Edge(29727,36909,65)
Edge(29727,38620,2)
Edge(29727,39217,1)
Edge(29727,39674,7)
Edge(29727,40590,2)
Edge(29727,43936,1)
Edge(29727,44623,5)
Edge(29727,44953,4)
Edge(29727,45146,11)
Edge(29727,47446,7)
Edge(29727,48476,2)
Edge(29727,53175,38)
Edge(29727,58013,14)
Edge(29727,62509,9)
Edge(29727,69286,5)
Edge(29727,69693,3)
Edge(29727,72202,1)
Edge(29727,72943,38)
Edge(29727,79482,1)
Edge(29727,79574,5)
Edge(29727,80891,4)
Edge(29727,81630,9)
Edge(29727,85256,9)
Edge(29727,85792,33)
Edge(29727,86071,6)
Edge(29727,105396,6)
Edge(29727,109349,4)
Edge(29727,109650,25)
Edge(29727,122347,1)
Edge(29727,133486,1)
Edge(29727,133873,1)
Edge(29727,135796,9)
Edge(29727,143282,3)
Edge(29727,145712,14)
Edge(29727,179053,3)
Edge(29727,192342,2)
Edge(29727,195434,2)
Edge(29727,199505,2)
Edge(30425,32545,1)
Edge(30425,34209,1)
Edge(30425,35416,4)
Edge(30425,36216,11)
Edge(30425,36909,4)
Edge(30425,38541,1)
Edge(30425,38620,1)
Edge(30425,39097,3)
Edge(30425,39217,19)
Edge(30425,44953,4)
Edge(30425,45227,2)
Edge(30425,47446,57)
Edge(30425,48476,1)
Edge(30425,53175,56)
Edge(30425,55486,2)
Edge(30425,57863,12)
Edge(30425,58013,9)
Edge(30425,62432,1)
Edge(30425,62509,1)
Edge(30425,64687,2)
Edge(30425,69693,7)
Edge(30425,69951,15)
Edge(30425,70719,5)
Edge(30425,72202,2)
Edge(30425,72943,13)
Edge(30425,73626,1)
Edge(30425,78662,6)
Edge(30425,79574,1)
Edge(30425,81630,4)
Edge(30425,86071,1)
Edge(30425,86370,1)
Edge(30425,94819,5)
Edge(30425,102112,9)
Edge(30425,105396,1)
Edge(30425,109349,8)
Edge(30425,133486,1)
Edge(30425,171866,1)
Edge(30425,195434,5)
Edge(30425,220032,1)
Edge(32243,39226,3)
Edge(32243,39249,3)
Edge(32243,39717,26)
Edge(32243,53175,4)
Edge(32243,57296,11)
Edge(32243,61488,1)
Edge(32243,64269,8)
Edge(32243,68584,1)
Edge(32243,72943,15)
Edge(32243,79574,9)
Edge(32243,80259,2)
Edge(32243,89630,4)
Edge(32243,96548,1)
Edge(32243,96630,17)
Edge(32243,102488,1)
Edge(32243,115792,1)
Edge(32243,122347,2)
Edge(32243,150428,1)
Edge(32243,179053,1)
Edge(32243,180693,2)
Edge(32545,36216,22)
Edge(32545,36909,6)
Edge(32545,38541,5)
Edge(32545,39097,1)
Edge(32545,39674,2)
Edge(32545,44623,10)
Edge(32545,44953,2)
Edge(32545,47446,6)
Edge(32545,48476,14)
Edge(32545,49377,11)
Edge(32545,53175,76)
Edge(32545,57863,3)
Edge(32545,58013,4)
Edge(32545,62432,4)
Edge(32545,69016,1)
Edge(32545,69286,6)
Edge(32545,69951,22)
Edge(32545,70719,3)
Edge(32545,72943,23)
Edge(32545,73626,2)
Edge(32545,76679,1)
Edge(32545,78662,3)
Edge(32545,79574,20)
Edge(32545,81630,1)
Edge(32545,85256,3)
Edge(32545,85792,1)
Edge(32545,96548,3)
Edge(32545,102112,2)
Edge(32545,109650,6)
Edge(32545,122347,5)
Edge(32545,133873,3)
Edge(32545,135796,3)
Edge(32545,145712,5)
Edge(32545,192342,2)
Edge(32545,195434,1)
Edge(33306,39097,1)
Edge(33306,39217,1)
Edge(33306,39249,16)
Edge(33306,39717,2)
Edge(33306,45146,1)
Edge(33306,47446,8)
Edge(33306,53175,11)
Edge(33306,57296,1)
Edge(33306,57863,4)
Edge(33306,58013,3)
Edge(33306,59621,1)
Edge(33306,61488,1)
Edge(33306,64269,2)
Edge(33306,64587,2)
Edge(33306,64687,1)
Edge(33306,72943,7)
Edge(33306,76679,1)
Edge(33306,78662,12)
Edge(33306,79574,6)
Edge(33306,80259,5)
Edge(33306,81630,1)
Edge(33306,84081,1)
Edge(33306,86370,1)
Edge(33306,89630,1)
Edge(33306,96548,1)
Edge(33306,96630,7)
Edge(33306,102488,4)
Edge(33306,109349,1)
Edge(33306,118815,1)
Edge(33306,122347,1)
Edge(33306,180693,1)
Edge(33709,36909,1)
Edge(33709,38620,2)
Edge(33709,43936,1)
Edge(33709,44623,2)
Edge(33709,47446,8)
Edge(33709,53175,2)
Edge(33709,68584,1)
Edge(33709,69693,1)
Edge(33709,72943,1)
Edge(33709,104993,4)
Edge(33709,133486,2)
Edge(33709,179053,3)
Edge(34209,36909,1)
Edge(34209,38541,4)
Edge(34209,39217,10)
Edge(34209,39249,1)
Edge(34209,39674,1)
Edge(34209,43936,13)
Edge(34209,44953,1)
Edge(34209,47446,35)
Edge(34209,53175,23)
Edge(34209,57863,6)
Edge(34209,58013,14)
Edge(34209,62432,2)
Edge(34209,63323,8)
Edge(34209,69286,3)
Edge(34209,69693,5)
Edge(34209,69951,2)
Edge(34209,72943,9)
Edge(34209,78662,2)
Edge(34209,79482,1)
Edge(34209,81630,1)
Edge(34209,85256,1)
Edge(34209,104993,1)
Edge(34209,105396,3)
Edge(34209,109650,2)
Edge(34209,135796,5)
Edge(34209,143282,9)
Edge(34209,145712,3)
Edge(34209,180693,2)
Edge(34209,192342,1)
Edge(34209,195434,30)
Edge(34209,199505,4)
Edge(34209,204880,1)
Edge(35416,36909,25)
Edge(35416,38541,2)
Edge(35416,38664,3)
Edge(35416,39097,4)
Edge(35416,39249,3)
Edge(35416,39717,4)
Edge(35416,42193,1)
Edge(35416,42360,10)
Edge(35416,44623,5)
Edge(35416,44953,6)
Edge(35416,45227,5)
Edge(35416,47446,3)
Edge(35416,48476,8)
Edge(35416,50554,1)
Edge(35416,53175,259)
Edge(35416,57296,1)
Edge(35416,61488,1)
Edge(35416,62509,4)
Edge(35416,68584,1)
Edge(35416,69951,5)
Edge(35416,70719,1)
Edge(35416,72943,29)
Edge(35416,73626,59)
Edge(35416,76679,6)
Edge(35416,77195,1)
Edge(35416,78662,7)
Edge(35416,79574,726)
Edge(35416,79793,12)
Edge(35416,80259,2)
Edge(35416,81630,2)
Edge(35416,85792,1)
Edge(35416,86370,2)
Edge(35416,89630,2)
Edge(35416,94819,1)
Edge(35416,96548,19)
Edge(35416,96630,10)
Edge(35416,102488,83)
Edge(35416,109349,7)
Edge(35416,117400,3)
Edge(35416,122347,3)
Edge(35416,133486,1)
Edge(35416,138024,1)
Edge(35416,139628,6)
Edge(35416,150428,1)
Edge(35416,156650,1)
Edge(35416,179053,16)
Edge(35416,180693,2)
Edge(35416,188116,1)
Edge(35416,200648,20)
Edge(36127,39249,13)
Edge(36127,39717,5)
Edge(36127,57296,7)
Edge(36127,61488,1)
Edge(36127,64269,3)
Edge(36127,69016,2)
Edge(36127,79574,1)
Edge(36127,89630,29)
Edge(36127,96630,5)
Edge(36127,117400,3)
Edge(36127,122347,2)
Edge(36127,124949,1)
Edge(36216,36909,35)
Edge(36216,38541,2)
Edge(36216,38664,3)
Edge(36216,39217,3)
Edge(36216,44623,5)
Edge(36216,44953,6)
Edge(36216,45146,5)
Edge(36216,45227,4)
Edge(36216,47446,68)
Edge(36216,48476,2)
Edge(36216,49377,6)
Edge(36216,53175,114)
Edge(36216,57863,10)
Edge(36216,58013,10)
Edge(36216,59621,1)
Edge(36216,62432,8)
Edge(36216,64687,4)
Edge(36216,69286,1)
Edge(36216,69693,5)
Edge(36216,69951,28)
Edge(36216,70719,8)
Edge(36216,72202,2)
Edge(36216,72943,32)
Edge(36216,73626,1)
Edge(36216,76679,2)
Edge(36216,78662,2)
Edge(36216,79482,8)
Edge(36216,79574,12)
Edge(36216,80891,2)
Edge(36216,81630,24)
Edge(36216,85256,6)
Edge(36216,86071,2)
Edge(36216,94819,1)
Edge(36216,96548,1)
Edge(36216,102112,5)
Edge(36216,104993,2)
Edge(36216,105396,10)
Edge(36216,109349,22)
Edge(36216,109650,1)
Edge(36216,133023,3)
Edge(36216,133486,1)
Edge(36216,133873,1)
Edge(36216,145712,5)
Edge(36216,156650,2)
Edge(36216,179053,1)
Edge(36216,180693,2)
Edge(36216,182136,1)
Edge(36216,192342,2)
Edge(36216,199505,2)
Edge(36823,36909,5)
Edge(36823,38541,4)
Edge(36823,38620,2)
Edge(36823,39097,2)
Edge(36823,47446,17)
Edge(36823,48476,2)
Edge(36823,53175,129)
Edge(36823,55014,11)
Edge(36823,55486,2)
Edge(36823,69951,56)
Edge(36823,70719,2)
Edge(36823,72943,2)
Edge(36823,76679,5)
Edge(36823,77195,2)
Edge(36823,79574,12)
Edge(36823,85792,2)
Edge(36823,96082,1)
Edge(36823,96548,3)
Edge(36823,96630,2)
Edge(36823,102488,2)
Edge(36823,105396,5)
Edge(36823,109349,1)
Edge(36823,109650,1)
Edge(36823,133023,1)
Edge(36823,133486,1)
Edge(36823,133873,1)
Edge(36823,135796,2)
Edge(36823,192342,11)
Edge(36823,195434,3)
Edge(36909,38541,26)
Edge(36909,38620,90)
Edge(36909,39097,2)
Edge(36909,39217,4)
Edge(36909,39249,1)
Edge(36909,39674,9)
Edge(36909,40590,3)
Edge(36909,43936,1)
Edge(36909,44623,1)
Edge(36909,44953,114)
Edge(36909,45146,30)
Edge(36909,45227,2)
Edge(36909,47446,71)
Edge(36909,48476,14)
Edge(36909,49377,8)
Edge(36909,50554,1)
Edge(36909,53175,98)
Edge(36909,57863,21)
Edge(36909,58013,14)
Edge(36909,62432,7)
Edge(36909,64269,15)
Edge(36909,64587,1)
Edge(36909,69286,8)
Edge(36909,69693,3)
Edge(36909,69951,21)
Edge(36909,70719,9)
Edge(36909,72202,4)
Edge(36909,72943,38)
Edge(36909,76679,48)
Edge(36909,78662,3)
Edge(36909,79482,20)
Edge(36909,79574,21)
Edge(36909,81630,43)
Edge(36909,85256,1)
Edge(36909,85792,4)
Edge(36909,86071,8)
Edge(36909,96548,1)
Edge(36909,102112,26)
Edge(36909,102488,1)
Edge(36909,105396,55)
Edge(36909,109349,28)
Edge(36909,109650,11)
Edge(36909,122347,4)
Edge(36909,133023,1)
Edge(36909,133486,3)
Edge(36909,143282,2)
Edge(36909,145712,6)
Edge(36909,150428,1)
Edge(36909,156650,25)
Edge(36909,171866,1)
Edge(36909,179053,5)
Edge(36909,188116,1)
Edge(36909,192342,1)
Edge(36909,195434,1)
Edge(36909,199505,7)
Edge(37692,43936,3)
Edge(37692,47446,2)
Edge(37692,64687,2)
Edge(37692,69951,2)
Edge(37692,72943,1)
Edge(37692,78662,2)
Edge(37692,79574,6)
Edge(37692,80891,1)
Edge(38541,39097,34)
Edge(38541,39217,1)
Edge(38541,39674,35)
Edge(38541,44623,5)
Edge(38541,44953,3)
Edge(38541,47446,16)
Edge(38541,48476,9)
Edge(38541,49377,3)
Edge(38541,53175,201)
Edge(38541,55014,1)
Edge(38541,55486,4)
Edge(38541,57863,5)
Edge(38541,58013,18)
Edge(38541,62432,3)
Edge(38541,63323,2)
Edge(38541,64269,1)
Edge(38541,69286,5)
Edge(38541,69693,1)
Edge(38541,69951,72)
Edge(38541,70719,6)
Edge(38541,72943,37)
Edge(38541,73626,2)
Edge(38541,76679,7)
Edge(38541,77195,2)
Edge(38541,78662,2)
Edge(38541,79482,2)
Edge(38541,79574,1)
Edge(38541,80891,5)
Edge(38541,85256,1)
Edge(38541,86370,1)
Edge(38541,94819,1)
Edge(38541,102112,4)
Edge(38541,102488,1)
Edge(38541,109349,26)
Edge(38541,133023,3)
Edge(38541,133873,7)
Edge(38541,135796,1)
Edge(38541,145712,1)
Edge(38541,156650,1)
Edge(38541,195434,3)
Edge(38541,220032,2)
Edge(38620,39249,1)
Edge(38620,40590,8)
Edge(38620,45146,7)
Edge(38620,47446,12)
Edge(38620,48476,1)
Edge(38620,53175,6)
Edge(38620,57863,5)
Edge(38620,58013,3)
Edge(38620,69693,1)
Edge(38620,69951,3)
Edge(38620,72202,1)
Edge(38620,72943,9)
Edge(38620,78662,1)
Edge(38620,79574,12)
Edge(38620,80891,2)
Edge(38620,81630,2)
Edge(38620,86071,2)
Edge(38620,104993,4)
Edge(38620,105396,6)
Edge(38620,109650,2)
Edge(38620,145712,3)
Edge(38620,156650,1)
Edge(38620,179053,4)
Edge(38620,180693,2)
Edge(38620,199505,2)
Edge(38664,39249,3)
Edge(38664,39717,80)
Edge(38664,40590,1)
Edge(38664,42193,1)
Edge(38664,47446,1)
Edge(38664,50554,1)
Edge(38664,53175,3)
Edge(38664,57296,2)
Edge(38664,57863,2)
Edge(38664,59211,1)
Edge(38664,61488,1)
Edge(38664,64597,31)
Edge(38664,79574,74)
Edge(38664,80259,10)
Edge(38664,81752,1)
Edge(38664,89630,8)
Edge(38664,91263,114)
Edge(38664,96548,3)
Edge(38664,96630,22)
Edge(38664,122347,1)
Edge(38664,123593,1)
Edge(38664,124949,11)
Edge(39097,39217,1)
Edge(39097,39249,1)
Edge(39097,39674,12)
Edge(39097,42360,3)
Edge(39097,44623,2)
Edge(39097,44953,2)
Edge(39097,47446,10)
Edge(39097,48476,3)
Edge(39097,53175,102)
Edge(39097,57863,4)
Edge(39097,58013,1)
Edge(39097,62509,1)
Edge(39097,69951,22)
Edge(39097,72943,8)
Edge(39097,76679,1)
Edge(39097,78662,3)
Edge(39097,79574,11)
Edge(39097,81630,1)
Edge(39097,104993,1)
Edge(39097,109349,2)
Edge(39097,133873,5)
Edge(39097,179053,2)
Edge(39097,192342,1)
Edge(39097,199505,2)
Edge(39217,39893,3)
Edge(39217,44953,3)
Edge(39217,45146,4)
Edge(39217,47446,194)
Edge(39217,48476,1)
Edge(39217,53175,9)
Edge(39217,57863,26)
Edge(39217,58013,1)
Edge(39217,63323,1)
Edge(39217,64687,51)
Edge(39217,69693,26)
Edge(39217,69951,3)
Edge(39217,70719,1)
Edge(39217,78662,19)
Edge(39217,79482,1)
Edge(39217,81630,2)
Edge(39217,96082,33)
Edge(39217,102112,1)
Edge(39217,105396,5)
Edge(39217,109349,1)
Edge(39217,133486,4)
Edge(39217,133873,1)
Edge(39217,135796,1)
Edge(39217,179053,1)
Edge(39217,192342,1)
Edge(39217,195434,1)
Edge(39217,199505,2)
Edge(39217,220032,3)
Edge(39226,50554,1)
Edge(39226,61488,7)
Edge(39226,68584,1)
Edge(39226,73626,2)
Edge(39226,81752,5)
Edge(39226,89630,4)
Edge(39226,122347,3)
Edge(39226,124949,1)
Edge(39249,39674,1)
Edge(39249,39717,9)
Edge(39249,44623,8)
Edge(39249,45227,1)
Edge(39249,47446,1)
Edge(39249,48476,1)
Edge(39249,49377,1)
Edge(39249,50554,1)
Edge(39249,53175,66)
Edge(39249,55014,2)
Edge(39249,57296,20)
Edge(39249,57863,2)
Edge(39249,58013,14)
Edge(39249,61488,8)
Edge(39249,64269,28)
Edge(39249,64587,7)
Edge(39249,68584,9)
Edge(39249,69016,1)
Edge(39249,69286,1)
Edge(39249,69693,2)
Edge(39249,69951,1)
Edge(39249,72943,66)
Edge(39249,73626,11)
Edge(39249,76679,1)
Edge(39249,79482,1)
Edge(39249,79574,77)
Edge(39249,80259,19)
Edge(39249,80891,4)
Edge(39249,81630,1)
Edge(39249,81752,9)
Edge(39249,84081,4)
Edge(39249,85256,1)
Edge(39249,86858,1)
Edge(39249,89630,46)
Edge(39249,96082,1)
Edge(39249,96548,44)
Edge(39249,96630,38)
Edge(39249,102112,1)
Edge(39249,102488,11)
Edge(39249,104993,1)
Edge(39249,109349,10)
Edge(39249,115792,1)
Edge(39249,122347,9)
Edge(39249,123593,1)
Edge(39249,124949,3)
Edge(39249,133486,1)
Edge(39249,133873,1)
Edge(39249,135796,11)
Edge(39249,143282,1)
Edge(39249,145712,1)
Edge(39249,150428,1)
Edge(39249,156650,2)
Edge(39249,180693,1)
Edge(39249,192342,2)
Edge(39249,200648,1)
Edge(39249,220032,3)
Edge(39674,44623,2)
Edge(39674,47446,2)
Edge(39674,48476,1)
Edge(39674,53175,7)
Edge(39674,58013,6)
Edge(39674,64269,1)
Edge(39674,69286,2)
Edge(39674,72943,27)
Edge(39674,78662,1)
Edge(39674,80891,2)
Edge(39674,89630,1)
Edge(39674,109349,3)
Edge(39674,133023,1)
Edge(39674,143282,1)
Edge(39674,145712,2)
Edge(39674,180693,1)
Edge(39674,192342,1)
Edge(39674,195434,4)
Edge(39674,199505,2)
Edge(39717,42193,1)
Edge(39717,50554,1)
Edge(39717,53175,6)
Edge(39717,57296,82)
Edge(39717,59211,3)
Edge(39717,61488,21)
Edge(39717,64269,8)
Edge(39717,64587,1)
Edge(39717,64597,1)
Edge(39717,68584,25)
Edge(39717,69016,1)
Edge(39717,72943,1)
Edge(39717,79574,120)
Edge(39717,79793,1)
Edge(39717,80259,14)
Edge(39717,81630,1)
Edge(39717,84081,5)
Edge(39717,89630,89)
Edge(39717,91263,24)
Edge(39717,96548,22)
Edge(39717,96630,367)
Edge(39717,102488,1)
Edge(39717,109349,1)
Edge(39717,115792,6)
Edge(39717,118815,2)
Edge(39717,122347,8)
Edge(39717,123593,2)
Edge(39717,124949,11)
Edge(39717,150428,5)
Edge(39717,156650,1)
Edge(39717,179053,10)
Edge(39717,200648,1)
Edge(39893,47446,4)
Edge(39893,64687,11)
Edge(39893,96082,32)
Edge(40590,47446,3)
Edge(40590,53175,24)
Edge(40590,57863,1)
Edge(40590,69693,1)
Edge(40590,72943,1)
Edge(40590,79574,19)
Edge(40590,96548,1)
Edge(40590,102112,2)
Edge(40590,105396,4)
Edge(40590,109650,3)
Edge(40590,122347,2)
Edge(40590,133873,1)
Edge(40590,143282,3)
Edge(40590,199505,1)
Edge(41960,44623,1)
Edge(41960,48476,5)
Edge(41960,53175,16)
Edge(41960,79574,3)
Edge(41960,133486,1)
Edge(41960,192342,1)
Edge(41960,220032,1)
Edge(42193,57296,2)
Edge(42193,79574,2)
Edge(42193,80259,1)
Edge(42193,96630,8)
Edge(42193,118815,4)
Edge(42193,122347,1)
Edge(42360,50554,1)
Edge(42360,53175,6)
Edge(42360,64597,1)
Edge(42360,72943,1)
Edge(42360,73626,7)
Edge(42360,79574,71)
Edge(42360,86370,1)
Edge(42360,96548,2)
Edge(42360,102488,1)
Edge(42360,138024,2)
Edge(42360,179053,7)
Edge(42360,188116,1)
Edge(43936,47446,17)
Edge(43936,53175,7)
Edge(43936,57863,13)
Edge(43936,58013,18)
Edge(43936,69693,2)
Edge(43936,72943,32)
Edge(43936,79574,7)
Edge(43936,80891,3)
Edge(43936,104993,1)
Edge(43936,105396,1)
Edge(43936,135796,6)
Edge(43936,143282,1)
Edge(43936,145712,5)
Edge(43936,180693,1)
Edge(43936,199505,2)
Edge(44623,44953,1)
Edge(44623,45146,2)
Edge(44623,45227,2)
Edge(44623,47446,8)
Edge(44623,48476,54)
Edge(44623,49377,3)
Edge(44623,53175,153)
Edge(44623,57296,1)
Edge(44623,57863,4)
Edge(44623,58013,5)
Edge(44623,62432,3)
Edge(44623,62509,1)
Edge(44623,64269,2)
Edge(44623,68584,2)
Edge(44623,69286,41)
Edge(44623,69693,15)
Edge(44623,69951,18)
Edge(44623,72943,50)
Edge(44623,76679,5)
Edge(44623,79482,26)
Edge(44623,79574,4)
Edge(44623,86071,1)
Edge(44623,102112,18)
Edge(44623,105396,1)
Edge(44623,109349,34)
Edge(44623,109650,1)
Edge(44623,122347,1)
Edge(44623,133023,4)
Edge(44623,133873,3)
Edge(44623,171866,1)
Edge(44623,180693,4)
Edge(44953,47446,5)
Edge(44953,48476,8)
Edge(44953,49377,5)
Edge(44953,50554,2)
Edge(44953,53175,101)
Edge(44953,57863,4)
Edge(44953,58013,8)
Edge(44953,62432,11)
Edge(44953,64269,3)
Edge(44953,64587,1)
Edge(44953,64687,1)
Edge(44953,69286,3)
Edge(44953,69693,5)
Edge(44953,69951,8)
Edge(44953,70719,4)
Edge(44953,72943,12)
Edge(44953,76679,47)
Edge(44953,77195,2)
Edge(44953,78662,4)
Edge(44953,79482,1)
Edge(44953,79574,6)
Edge(44953,81630,8)
Edge(44953,86370,3)
Edge(44953,96548,2)
Edge(44953,96630,1)
Edge(44953,102112,4)
Edge(44953,102488,1)
Edge(44953,105396,13)
Edge(44953,109349,41)
Edge(44953,117400,1)
Edge(44953,122347,1)
Edge(44953,123593,3)
Edge(44953,125555,1)
Edge(44953,133023,20)
Edge(44953,133486,1)
Edge(44953,145712,1)
Edge(44953,147912,1)
Edge(44953,171866,2)
Edge(44953,180693,2)
Edge(44953,195434,4)
Edge(44953,199505,1)
Edge(44953,200648,1)
Edge(44953,220032,2)
Edge(45146,47446,9)
Edge(45146,53175,1)
Edge(45146,57863,8)
Edge(45146,58013,6)
Edge(45146,68584,1)
Edge(45146,69286,2)
Edge(45146,69693,3)
Edge(45146,69951,1)
Edge(45146,72202,1)
Edge(45146,72943,2)
Edge(45146,79482,2)
Edge(45146,81630,7)
Edge(45146,85256,1)
Edge(45146,86071,24)
Edge(45146,96082,1)
Edge(45146,102112,1)
Edge(45146,109349,1)
Edge(45146,133873,1)
Edge(45227,47446,10)
Edge(45227,53175,16)
Edge(45227,57863,2)
Edge(45227,58013,12)
Edge(45227,69951,6)
Edge(45227,70719,15)
Edge(45227,72943,4)
Edge(45227,76679,8)
Edge(45227,79482,67)
Edge(45227,96630,2)
Edge(45227,102112,208)
Edge(45227,109349,79)
Edge(47446,48476,23)
Edge(47446,49377,3)
Edge(47446,53175,424)
Edge(47446,55486,19)
Edge(47446,57863,325)
Edge(47446,58013,24)
Edge(47446,59621,1)
Edge(47446,62432,2)
Edge(47446,62509,3)
Edge(47446,63323,1)
Edge(47446,64269,3)
Edge(47446,64587,1)
Edge(47446,64687,28)
Edge(47446,69286,9)
Edge(47446,69693,78)
Edge(47446,69951,383)
Edge(47446,70719,25)
Edge(47446,72202,6)
Edge(47446,72943,39)
Edge(47446,73626,1)
Edge(47446,76679,15)
Edge(47446,77195,2)
Edge(47446,78662,31)
Edge(47446,79482,37)
Edge(47446,79574,54)
Edge(47446,80891,8)
Edge(47446,81630,77)
Edge(47446,85256,3)
Edge(47446,85792,1)
Edge(47446,86071,34)
Edge(47446,86370,3)
Edge(47446,94819,3)
Edge(47446,96082,29)
Edge(47446,96630,2)
Edge(47446,102112,105)
Edge(47446,102488,4)
Edge(47446,104993,1)
Edge(47446,105396,266)
Edge(47446,109349,78)
Edge(47446,109650,7)
Edge(47446,133023,1)
Edge(47446,133486,12)
Edge(47446,133873,119)
Edge(47446,145712,4)
Edge(47446,156650,1)
Edge(47446,171866,1)
Edge(47446,179053,10)
Edge(47446,180693,7)
Edge(47446,192342,33)
Edge(47446,195434,6)
Edge(47446,199505,23)
Edge(48476,49377,29)
Edge(48476,53175,312)
Edge(48476,55486,3)
Edge(48476,57863,7)
Edge(48476,58013,9)
Edge(48476,59621,1)
Edge(48476,62432,1)
Edge(48476,62509,3)
Edge(48476,64587,2)
Edge(48476,69286,5)
Edge(48476,69693,1)
Edge(48476,69951,79)
Edge(48476,70719,6)
Edge(48476,72202,2)
Edge(48476,72943,33)
Edge(48476,73626,20)
Edge(48476,76679,6)
Edge(48476,78662,1)
Edge(48476,79482,5)
Edge(48476,79574,11)
Edge(48476,80259,2)
Edge(48476,80891,1)
Edge(48476,81752,2)
Edge(48476,86071,2)
Edge(48476,86370,4)
Edge(48476,89630,1)
Edge(48476,96082,1)
Edge(48476,96630,3)
Edge(48476,102112,2)
Edge(48476,102488,4)
Edge(48476,104993,1)
Edge(48476,105396,2)
Edge(48476,109349,16)
Edge(48476,109650,2)
Edge(48476,122347,2)
Edge(48476,133023,2)
Edge(48476,133486,9)
Edge(48476,133873,1)
Edge(48476,135796,2)
Edge(48476,145712,1)
Edge(48476,167094,1)
Edge(48476,192342,6)
Edge(48476,200648,1)
Edge(48476,220032,8)
Edge(49377,53175,41)
Edge(49377,58013,2)
Edge(49377,62432,3)
Edge(49377,69286,2)
Edge(49377,69951,10)
Edge(49377,72943,3)
Edge(49377,73626,3)
Edge(49377,76679,3)
Edge(49377,77195,4)
Edge(49377,80891,2)
Edge(49377,81630,2)
Edge(49377,94819,1)
Edge(49377,109349,12)
Edge(49377,109650,2)
Edge(49377,115792,2)
Edge(49377,133023,2)
Edge(49377,133486,1)
Edge(49377,192342,3)
Edge(50554,58013,2)
Edge(50554,64269,16)
Edge(50554,64587,1)
Edge(50554,72943,1)
Edge(50554,73626,1)
Edge(50554,79574,8)
Edge(50554,96630,4)
Edge(50554,105396,1)
Edge(50554,117400,1)
Edge(50554,122347,2)
Edge(50554,156650,5)
Edge(50554,200648,1)
Edge(52391,78662,2)
Edge(52391,81630,2)
Edge(53175,55014,11)
Edge(53175,55486,56)
Edge(53175,57296,5)
Edge(53175,57863,249)
Edge(53175,58013,269)
Edge(53175,59621,5)
Edge(53175,61488,4)
Edge(53175,62432,81)
Edge(53175,62509,71)
Edge(53175,64269,10)
Edge(53175,64687,6)
Edge(53175,68584,5)
Edge(53175,69286,177)
Edge(53175,69693,133)
Edge(53175,69951,1001)
Edge(53175,70374,1)
Edge(53175,70719,286)
Edge(53175,72202,25)
Edge(53175,72943,733)
Edge(53175,73626,78)
Edge(53175,76679,210)
Edge(53175,77195,61)
Edge(53175,78662,287)
Edge(53175,79482,87)
Edge(53175,79574,1029)
Edge(53175,79793,14)
Edge(53175,80259,10)
Edge(53175,80891,105)
Edge(53175,81630,53)
Edge(53175,81752,3)
Edge(53175,84081,6)
Edge(53175,85256,12)
Edge(53175,85792,2)
Edge(53175,86071,21)
Edge(53175,86370,56)
Edge(53175,89630,14)
Edge(53175,94819,49)
Edge(53175,96082,2)
Edge(53175,96548,172)
Edge(53175,96630,17)
Edge(53175,97698,1)
Edge(53175,102112,92)
Edge(53175,102488,341)
Edge(53175,104993,19)
Edge(53175,105396,34)
Edge(53175,109349,610)
Edge(53175,109650,41)
Edge(53175,118815,2)
Edge(53175,122347,8)
Edge(53175,123593,23)
Edge(53175,124949,5)
Edge(53175,133023,22)
Edge(53175,133486,82)
Edge(53175,133873,14)
Edge(53175,135796,23)
Edge(53175,143282,6)
Edge(53175,145712,16)
Edge(53175,150428,3)
Edge(53175,156650,2)
Edge(53175,167094,3)
Edge(53175,171866,15)
Edge(53175,179053,16)
Edge(53175,180693,47)
Edge(53175,185285,1)
Edge(53175,188116,28)
Edge(53175,192342,205)
Edge(53175,195434,25)
Edge(53175,199505,29)
Edge(53175,200648,13)
Edge(53175,204880,1)
Edge(53175,220032,315)
Edge(53175,233122,3)
Edge(55014,72943,1)
Edge(55014,77195,1)
Edge(55014,81630,1)
Edge(55014,102488,2)
Edge(55014,192342,1)
Edge(55014,195434,1)
Edge(55486,62509,2)
Edge(55486,69286,1)
Edge(55486,69693,6)
Edge(55486,69951,44)
Edge(55486,72202,1)
Edge(55486,72943,1)
Edge(55486,78662,1)
Edge(55486,79574,4)
Edge(55486,81630,1)
Edge(55486,96548,1)
Edge(55486,109349,1)
Edge(55486,133486,3)
Edge(55486,139628,1)
Edge(55486,167094,1)
Edge(55486,192342,2)
Edge(55486,199505,2)
Edge(57296,59211,1)
Edge(57296,61488,3)
Edge(57296,64269,11)
Edge(57296,64587,1)
Edge(57296,68584,2)
Edge(57296,69016,1)
Edge(57296,72943,5)
Edge(57296,78662,1)
Edge(57296,79574,39)
Edge(57296,80259,3)
Edge(57296,80891,1)
Edge(57296,81752,1)
Edge(57296,89630,16)
Edge(57296,96548,9)
Edge(57296,96630,54)
Edge(57296,102488,7)
Edge(57296,115792,2)
Edge(57296,118815,2)
Edge(57296,122347,3)
Edge(57296,124949,1)
Edge(57296,150428,4)
Edge(57296,195434,1)
Edge(57296,200648,1)
Edge(57863,58013,107)
Edge(57863,59621,4)
Edge(57863,62432,1)
Edge(57863,62509,1)
Edge(57863,63323,1)
Edge(57863,64269,5)
Edge(57863,64587,1)
Edge(57863,64687,9)
Edge(57863,69286,1)
Edge(57863,69693,52)
Edge(57863,69951,68)
Edge(57863,70719,19)
Edge(57863,72202,1)
Edge(57863,72943,339)
Edge(57863,76679,4)
Edge(57863,78662,30)
Edge(57863,79482,5)
Edge(57863,79574,23)
Edge(57863,80891,24)
Edge(57863,81630,8)
Edge(57863,86071,5)
Edge(57863,86370,7)
Edge(57863,96082,4)
Edge(57863,96548,1)
Edge(57863,96630,3)
Edge(57863,102112,23)
Edge(57863,102488,1)
Edge(57863,104993,3)
Edge(57863,105396,8)
Edge(57863,109349,22)
Edge(57863,109650,2)
Edge(57863,133486,20)
Edge(57863,133873,3)
Edge(57863,143282,2)
Edge(57863,145712,12)
Edge(57863,180693,9)
Edge(57863,192342,5)
Edge(57863,195434,3)
Edge(57863,199505,4)
Edge(57863,200648,2)
Edge(57863,204880,1)
Edge(57863,220032,1)
Edge(58013,59621,11)
Edge(58013,62432,13)
Edge(58013,62509,1)
Edge(58013,63323,4)
Edge(58013,64269,1)
Edge(58013,69286,10)
Edge(58013,69693,27)
Edge(58013,69951,34)
Edge(58013,70374,1)
Edge(58013,70719,6)
Edge(58013,72202,2)
Edge(58013,72943,515)
Edge(58013,73626,4)
Edge(58013,76679,33)
Edge(58013,77195,3)
Edge(58013,79482,59)
Edge(58013,79574,16)
Edge(58013,80891,28)
Edge(58013,81630,14)
Edge(58013,85256,7)
Edge(58013,86071,2)
Edge(58013,96548,1)
Edge(58013,102112,50)
Edge(58013,102488,1)
Edge(58013,104993,12)
Edge(58013,105396,20)
Edge(58013,109349,87)
Edge(58013,109650,1)
Edge(58013,123593,1)
Edge(58013,133486,1)
Edge(58013,133873,1)
Edge(58013,135796,3)
Edge(58013,143282,1)
Edge(58013,145712,62)
Edge(58013,147912,1)
Edge(58013,171866,1)
Edge(58013,180693,52)
Edge(58013,192342,2)
Edge(58013,195434,14)
Edge(58013,199505,4)
Edge(58013,200648,2)
Edge(58013,204880,3)
Edge(58013,220032,1)
Edge(59211,64597,1)
Edge(59211,79574,4)
Edge(59211,80259,1)
Edge(59211,89630,1)
Edge(59211,96630,2)
Edge(59211,105396,1)
Edge(59211,117400,1)
Edge(59211,118815,1)
Edge(59621,64269,1)
Edge(59621,69286,2)
Edge(59621,69693,4)
Edge(59621,72943,74)
Edge(59621,79574,2)
Edge(59621,80891,2)
Edge(59621,86071,1)
Edge(59621,145712,5)
Edge(59621,180693,1)
Edge(59621,192342,1)
Edge(61488,64269,3)
Edge(61488,64587,3)
Edge(61488,68584,3)
Edge(61488,79574,29)
Edge(61488,80259,3)
Edge(61488,81752,4)
Edge(61488,89630,6)
Edge(61488,96548,3)
Edge(61488,96630,39)
Edge(61488,115792,1)
Edge(61488,117400,1)
Edge(61488,122347,8)
Edge(61488,124949,7)
Edge(61488,150428,9)
Edge(61488,156650,1)
Edge(62432,62509,1)
Edge(62432,69286,21)
Edge(62432,69951,8)
Edge(62432,70719,2)
Edge(62432,72943,4)
Edge(62432,76679,28)
Edge(62432,77195,6)
Edge(62432,79482,4)
Edge(62432,81630,1)
Edge(62432,102112,24)
Edge(62432,105396,1)
Edge(62432,109349,3)
Edge(62432,122347,2)
Edge(62509,69693,2)
Edge(62509,69951,4)
Edge(62509,70719,1)
Edge(62509,72943,5)
Edge(62509,76679,4)
Edge(62509,78662,4)
Edge(62509,79574,26)
Edge(62509,80891,3)
Edge(62509,109650,11)
Edge(62509,135796,3)
Edge(62509,199505,1)
Edge(62509,220032,1)
Edge(63323,69286,3)
Edge(63323,69951,1)
Edge(63323,79574,2)
Edge(63323,102488,1)
Edge(63323,143282,1)
Edge(63323,156650,1)
Edge(63323,192342,2)
Edge(63323,195434,3)
Edge(64269,64587,2)
Edge(64269,68584,4)
Edge(64269,69016,1)
Edge(64269,69286,2)
Edge(64269,70719,1)
Edge(64269,72943,46)
Edge(64269,76679,1)
Edge(64269,78662,1)
Edge(64269,79574,8)
Edge(64269,80259,1)
Edge(64269,80891,3)
Edge(64269,89630,9)
Edge(64269,96548,9)
Edge(64269,96630,20)
Edge(64269,105396,2)
Edge(64269,109349,2)
Edge(64269,115792,1)
Edge(64269,122347,15)
Edge(64269,123593,2)
Edge(64269,124949,2)
Edge(64269,133023,1)
Edge(64269,150428,1)
Edge(64269,156650,8)
Edge(64269,179053,1)
Edge(64269,200648,7)
Edge(64587,69016,1)
Edge(64587,72943,2)
Edge(64587,79574,4)
Edge(64587,80259,1)
Edge(64587,89630,1)
Edge(64587,96548,1)
Edge(64587,96630,18)
Edge(64587,102112,1)
Edge(64587,102488,1)
Edge(64587,105396,7)
Edge(64587,122347,2)
Edge(64587,133486,2)
Edge(64587,156650,4)
Edge(64597,79574,2)
Edge(64597,89630,1)
Edge(64597,91263,2)
Edge(64597,118815,2)
Edge(64597,124949,4)
Edge(64687,69951,14)
Edge(64687,72202,1)
Edge(64687,72943,4)
Edge(64687,73626,1)
Edge(64687,79574,1)
Edge(64687,81630,3)
Edge(64687,96082,54)
Edge(64687,133873,1)
Edge(64687,220032,1)
Edge(68584,69951,1)
Edge(68584,72943,5)
Edge(68584,73626,5)
Edge(68584,79574,24)
Edge(68584,80259,1)
Edge(68584,81752,3)
Edge(68584,89630,62)
Edge(68584,96548,16)
Edge(68584,96630,11)
Edge(68584,102488,2)
Edge(68584,115792,2)
Edge(68584,122347,5)
Edge(68584,150428,2)
Edge(68584,179053,1)
Edge(68584,195434,1)
Edge(69016,73626,1)
Edge(69016,79574,4)
Edge(69016,89630,2)
Edge(69016,96630,6)
Edge(69016,109349,1)
Edge(69016,122347,6)
Edge(69016,156650,2)
Edge(69286,69693,4)
Edge(69286,69951,20)
Edge(69286,72943,5)
Edge(69286,73626,1)
Edge(69286,76679,12)
Edge(69286,77195,7)
Edge(69286,79574,1)
Edge(69286,85792,1)
Edge(69286,86071,3)
Edge(69286,102112,2)
Edge(69286,102488,1)
Edge(69286,109349,37)
Edge(69286,109650,4)
Edge(69286,133023,2)
Edge(69286,133873,7)
Edge(69286,135796,2)
Edge(69286,139628,1)
Edge(69286,143282,1)
Edge(69286,145712,1)
Edge(69286,179053,2)
Edge(69286,220032,1)
Edge(69693,69951,26)
Edge(69693,70719,2)
Edge(69693,72202,2)
Edge(69693,72943,47)
Edge(69693,76679,2)
Edge(69693,78662,6)
Edge(69693,79574,1)
Edge(69693,80891,1)
Edge(69693,81630,7)
Edge(69693,85256,4)
Edge(69693,86071,2)
Edge(69693,94819,1)
Edge(69693,96082,3)
Edge(69693,102112,2)
Edge(69693,105396,7)
Edge(69693,109349,5)
Edge(69693,109650,1)
Edge(69693,133486,9)
Edge(69693,133873,3)
Edge(69693,145712,8)
Edge(69693,180693,1)
Edge(69693,192342,1)
Edge(69693,199505,1)
Edge(69693,200648,2)
Edge(69693,220032,3)
Edge(69951,70719,71)
Edge(69951,72202,9)
Edge(69951,72943,36)
Edge(69951,73626,4)
Edge(69951,76679,54)
Edge(69951,77195,6)
Edge(69951,78662,7)
Edge(69951,79482,7)
Edge(69951,79574,32)
Edge(69951,80891,3)
Edge(69951,81630,12)
Edge(69951,81752,1)
Edge(69951,85256,3)
Edge(69951,86071,6)
Edge(69951,86370,5)
Edge(69951,96082,3)
Edge(69951,96630,2)
Edge(69951,102112,22)
Edge(69951,102488,5)
Edge(69951,105396,4)
Edge(69951,109349,66)
Edge(69951,122347,1)
Edge(69951,133023,8)
Edge(69951,133486,40)
Edge(69951,133873,16)
Edge(69951,135796,4)
Edge(69951,145712,1)
Edge(69951,180693,1)
Edge(69951,192342,19)
Edge(69951,199505,9)
Edge(69951,200648,1)
Edge(70374,72943,2)
Edge(70374,76679,2)
Edge(70719,72943,2)
Edge(70719,76679,11)
Edge(70719,79482,8)
Edge(70719,81630,6)
Edge(70719,86071,2)
Edge(70719,86370,7)
Edge(70719,102112,19)
Edge(70719,109349,43)
Edge(70719,133023,1)
Edge(70719,133486,3)
Edge(70719,220032,4)
Edge(72202,72943,3)
Edge(72202,76679,1)
Edge(72202,79574,6)
Edge(72202,80891,1)
Edge(72202,81630,5)
Edge(72202,86071,2)
Edge(72202,86370,1)
Edge(72943,73626,6)
Edge(72943,76679,18)
Edge(72943,78662,5)
Edge(72943,79482,25)
Edge(72943,79574,143)
Edge(72943,79793,1)
Edge(72943,80891,452)
Edge(72943,81630,12)
Edge(72943,84081,1)
Edge(72943,85256,28)
Edge(72943,85792,3)
Edge(72943,89630,1)
Edge(72943,94819,2)
Edge(72943,96548,52)
Edge(72943,96630,5)
Edge(72943,102112,14)
Edge(72943,102488,8)
Edge(72943,104993,162)
Edge(72943,105396,9)
Edge(72943,109349,29)
Edge(72943,109650,26)
Edge(72943,123593,20)
Edge(72943,133023,6)
Edge(72943,133486,7)
Edge(72943,133873,2)
Edge(72943,134377,3)
Edge(72943,135796,1)
Edge(72943,143282,31)
Edge(72943,145712,418)
Edge(72943,150194,1)
Edge(72943,156650,2)
Edge(72943,159038,1)
Edge(72943,171866,1)
Edge(72943,179053,16)
Edge(72943,180693,363)
Edge(72943,192342,22)
Edge(72943,195434,11)
Edge(72943,199505,8)
Edge(72943,200648,37)
Edge(72943,204880,12)
Edge(72943,220032,12)
Edge(73626,78662,9)
Edge(73626,79574,153)
Edge(73626,80259,1)
Edge(73626,81752,3)
Edge(73626,84081,2)
Edge(73626,86370,5)
Edge(73626,89630,8)
Edge(73626,96548,4)
Edge(73626,96630,3)
Edge(73626,102488,33)
Edge(73626,105396,1)
Edge(73626,122347,2)
Edge(73626,123593,1)
Edge(73626,124949,1)
Edge(73626,133486,9)
Edge(73626,139628,5)
Edge(73626,179053,6)
Edge(73626,200648,1)
Edge(76273,79574,8)
Edge(76679,77195,6)
Edge(76679,78662,4)
Edge(76679,79482,39)
Edge(76679,79574,11)
Edge(76679,80891,1)
Edge(76679,81630,2)
Edge(76679,96548,1)
Edge(76679,102112,243)
Edge(76679,102488,3)
Edge(76679,105396,6)
Edge(76679,109349,215)
Edge(76679,122347,1)
Edge(76679,133486,4)
Edge(76679,180693,7)
Edge(76679,192342,6)
Edge(76679,195434,2)
Edge(76679,199505,1)
Edge(76679,220032,2)
Edge(77195,78662,1)
Edge(77195,81630,1)
Edge(77195,109349,8)
Edge(77195,133023,2)
Edge(77195,192342,5)
Edge(78662,79574,56)
Edge(78662,80891,1)
Edge(78662,81630,1)
Edge(78662,85256,1)
Edge(78662,86370,47)
Edge(78662,89630,1)
Edge(78662,91263,1)
Edge(78662,96548,4)
Edge(78662,96630,4)
Edge(78662,102112,5)
Edge(78662,102488,14)
Edge(78662,105396,2)
Edge(78662,109349,2)
Edge(78662,125555,1)
Edge(78662,133023,1)
Edge(78662,133486,3)
Edge(78662,133873,1)
Edge(78662,134377,1)
Edge(78662,179053,3)
Edge(78662,180693,4)
Edge(78662,195434,1)
Edge(78662,200648,1)
Edge(78662,220032,3)
Edge(79482,81630,3)
Edge(79482,86071,1)
Edge(79482,86370,1)
Edge(79482,102112,177)
Edge(79482,102488,1)
Edge(79482,105396,7)
Edge(79482,109349,97)
Edge(79482,122347,2)
Edge(79482,133486,3)
Edge(79482,133873,2)
Edge(79482,143282,1)
Edge(79482,145712,2)
Edge(79482,180693,5)
Edge(79482,200648,2)
Edge(79482,220032,1)
Edge(79574,79793,67)
Edge(79574,80259,26)
Edge(79574,80891,6)
Edge(79574,81630,2)
Edge(79574,81752,2)
Edge(79574,84081,16)
Edge(79574,86071,2)
Edge(79574,86370,8)
Edge(79574,89630,41)
Edge(79574,91263,28)
Edge(79574,96548,155)
Edge(79574,96630,87)
Edge(79574,102112,3)
Edge(79574,102488,306)
Edge(79574,104993,5)
Edge(79574,105396,2)
Edge(79574,109349,11)
Edge(79574,109650,3)
Edge(79574,115792,5)
Edge(79574,118815,7)
Edge(79574,122347,24)
Edge(79574,123593,15)
Edge(79574,124949,2)
Edge(79574,133023,5)
Edge(79574,133486,17)
Edge(79574,133873,1)
Edge(79574,135796,3)
Edge(79574,138024,1)
Edge(79574,139628,22)
Edge(79574,145712,3)
Edge(79574,150428,5)
Edge(79574,179053,207)
Edge(79574,180693,2)
Edge(79574,185285,1)
Edge(79574,192342,5)
Edge(79574,200648,53)
Edge(79574,220032,1)
Edge(79793,81630,1)
Edge(79793,89630,1)
Edge(79793,96548,1)
Edge(79793,133486,1)
Edge(79793,200648,1)
Edge(80259,85792,1)
Edge(80259,89630,2)
Edge(80259,91263,5)
Edge(80259,96548,36)
Edge(80259,96630,38)
Edge(80259,102488,1)
Edge(80259,118815,1)
Edge(80259,122347,1)
Edge(80259,123593,1)
Edge(80891,85256,7)
Edge(80891,86071,1)
Edge(80891,96548,12)
Edge(80891,96630,1)
Edge(80891,104993,3)
Edge(80891,109349,3)
Edge(80891,109650,3)
Edge(80891,133486,2)
Edge(80891,145712,12)
Edge(80891,159038,1)
Edge(80891,180693,5)
Edge(80891,200648,6)
Edge(80891,220032,2)
Edge(81630,86071,3)
Edge(81630,86370,1)
Edge(81630,94819,3)
Edge(81630,102112,2)
Edge(81630,102488,1)
Edge(81630,109349,6)
Edge(81630,109650,2)
Edge(81630,122347,1)
Edge(81630,133486,1)
Edge(81630,133873,1)
Edge(81630,135796,4)
Edge(81630,145712,3)
Edge(81630,188116,1)
Edge(81752,89630,7)
Edge(81752,96630,3)
Edge(81752,122347,2)
Edge(84081,89630,4)
Edge(84081,96630,4)
Edge(84081,102488,5)
Edge(84081,122347,2)
Edge(84081,156650,3)
Edge(85256,94819,1)
Edge(85256,102488,3)
Edge(85256,109650,1)
Edge(85256,122347,1)
Edge(85256,135796,2)
Edge(85256,145712,5)
Edge(85256,180693,1)
Edge(85792,109349,2)
Edge(85792,109650,2)
Edge(85792,133486,1)
Edge(86071,96082,1)
Edge(86071,105396,1)
Edge(86071,133873,4)
Edge(86071,192342,1)
Edge(86370,96548,4)
Edge(86370,102112,1)
Edge(86370,102488,4)
Edge(86370,133486,2)
Edge(86370,220032,1)
Edge(86858,96630,2)
Edge(86858,118815,1)
Edge(86858,124949,1)
Edge(89630,96548,7)
Edge(89630,96630,64)
Edge(89630,102488,2)
Edge(89630,115792,3)
Edge(89630,117400,2)
Edge(89630,118815,2)
Edge(89630,122347,13)
Edge(89630,123593,6)
Edge(89630,124949,7)
Edge(89630,133486,1)
Edge(89630,156650,1)
Edge(89630,179053,1)
Edge(91263,96630,12)
Edge(91263,124949,4)
Edge(94819,138024,1)
Edge(94819,195434,1)
Edge(94819,200648,1)
Edge(96082,102112,1)
Edge(96082,180693,3)
Edge(96548,96630,11)
Edge(96548,102112,1)
Edge(96548,102488,36)
Edge(96548,109349,2)
Edge(96548,109650,1)
Edge(96548,115792,3)
Edge(96548,123593,7)
Edge(96548,133023,1)
Edge(96548,133873,1)
Edge(96548,139628,1)
Edge(96548,150428,1)
Edge(96548,156650,1)
Edge(96548,179053,1)
Edge(96548,180693,8)
Edge(96548,200648,7)
Edge(96630,102112,2)
Edge(96630,102488,3)
Edge(96630,115792,8)
Edge(96630,117400,16)
Edge(96630,118815,40)
Edge(96630,122347,7)
Edge(96630,124949,18)
Edge(96630,133486,1)
Edge(96630,150428,6)
Edge(96630,156650,1)
Edge(96630,171866,1)
Edge(96630,179053,18)
Edge(96630,195434,1)
Edge(96630,200648,1)
Edge(102112,102488,2)
Edge(102112,105396,1)
Edge(102112,109349,655)
Edge(102112,133486,13)
Edge(102112,133873,11)
Edge(102112,180693,2)
Edge(102112,192342,1)
Edge(102112,195434,1)
Edge(102112,199505,1)
Edge(102112,204880,2)
Edge(102488,109349,9)
Edge(102488,109650,1)
Edge(102488,115792,1)
Edge(102488,123593,6)
Edge(102488,179053,5)
Edge(104993,109349,2)
Edge(104993,109650,2)
Edge(104993,145712,6)
Edge(104993,179053,2)
Edge(104993,180693,5)
Edge(105396,109349,10)
Edge(105396,115792,1)
Edge(105396,122347,5)
Edge(105396,133873,5)
Edge(105396,143282,1)
Edge(105396,156650,20)
Edge(105396,179053,1)
Edge(105396,199505,8)
Edge(109349,122347,1)
Edge(109349,133023,9)
Edge(109349,133486,17)
Edge(109349,133873,6)
Edge(109349,143282,2)
Edge(109349,145712,5)
Edge(109349,188116,1)
Edge(109349,192342,10)
Edge(109349,195434,8)
Edge(109349,199505,1)
Edge(109349,220032,4)
Edge(109650,135796,8)
Edge(109650,145712,3)
Edge(109650,171866,2)
Edge(109650,180693,2)
Edge(109650,192342,1)
Edge(109650,220032,1)
Edge(115792,122347,1)
Edge(115792,179053,1)
Edge(117400,122347,1)
Edge(118815,124949,1)
Edge(118815,139628,1)
Edge(118815,179053,1)
Edge(122347,124949,1)
Edge(122347,133023,1)
Edge(122347,156650,9)
Edge(123593,179053,1)
Edge(123593,180693,1)
Edge(123593,200648,2)
Edge(124949,179053,1)
Edge(124949,200648,1)
Edge(133023,133873,3)
Edge(133023,180693,2)
Edge(133023,199505,1)
Edge(133486,133873,1)
Edge(133486,180693,1)
Edge(133486,192342,2)
Edge(133486,199505,2)
Edge(133873,135796,2)
Edge(133873,145712,1)
Edge(133873,192342,1)
Edge(133873,199505,6)
Edge(135796,143282,1)
Edge(135796,199505,3)
Edge(139628,179053,1)
Edge(139628,200648,1)
Edge(143282,180693,1)
Edge(143282,195434,7)
Edge(143282,199505,1)
Edge(145712,180693,3)
Edge(145712,200648,1)
Edge(147912,200648,2)
Edge(150428,167094,1)
Edge(150428,200648,2)
Edge(171866,192342,1)
Edge(179053,180693,1)
Edge(179053,200648,3)
Edge(180693,192342,1)
Edge(180693,195434,1)
Edge(180693,220032,1)
Edge(192342,199505,1)
Edge(199505,220032,1)
