PRODUCTS

After JOIN:
(2,(1,1))
(2,(1,3))
(2,(3,1))
(2,(3,3))
(4,(2,2))
(4,(2,3))
(4,(2,1))
(4,(3,2))
(4,(3,3))
(4,(3,1))
(4,(1,2))
(4,(1,3))
(4,(1,1))
(1,(3,3))
AFTER FILTER ON KEY:
(4,(2,3))
(4,(2,1))
(4,(3,2))
(4,(3,1))
(4,(1,2))
(4,(1,3))
(2,(1,3))
(2,(3,1))

AFTER MAP:
((1,3),1)
((3,1),1)
((2,3),1)
((2,1),1)
((3,2),1)
((3,1),1)
((1,2),1)
((1,3),1)

After Reduce by Key:
((1,2),1)
((2,1),1)
((1,3),2)
((3,1),2)
((3,2),1)
((2,3),1)

AFTER FILTER THROUSH:
((1,3),2)
((3,1),2)

AFTER LAST MAP:
(1,3)
(3,1)

